0.00000E+00 	0.00000E+00 	0.00000E+00 	0.00000E+00 	0.00000E+00 	0.00000E+00 	0.00000E+00 	0.00000E+00 	0.00000E+00 	0.00000E+00 	0.00000E+00 	0.00000E+00 	0.00000E+00 	0.00000E+00 	0.00000E+00 	
5.03217E-07 	6.52445E-07 	7.37010E-07 	8.04351E-07 	8.58168E-07 	8.97528E-07 	9.35042E-07 	9.58609E-07 	9.75550E-07 	9.80270E-07 	9.77826E-07 	9.51442E-07 	9.04799E-07 	8.07142E-07 	5.76953E-07 	
1.04110E-06 	1.37299E-06 	1.55432E-06 	1.69988E-06 	1.82223E-06 	1.90414E-06 	1.98368E-06 	2.03592E-06 	2.07177E-06 	2.08161E-06 	2.06987E-06 	2.01583E-06 	1.91837E-06 	1.71855E-06 	1.21571E-06 	
1.49172E-06 	2.02342E-06 	2.29130E-06 	2.49950E-06 	2.68891E-06 	2.81866E-06 	2.93209E-06 	3.00589E-06 	3.05548E-06 	3.06945E-06 	3.05184E-06 	2.97563E-06 	2.83334E-06 	2.54122E-06 	1.78049E-06 	
1.94275E-06 	2.70461E-06 	3.07804E-06 	3.36447E-06 	3.61525E-06 	3.79347E-06 	3.95022E-06 	4.04793E-06 	4.11545E-06 	4.12962E-06 	4.11058E-06 	4.00557E-06 	3.82324E-06 	3.41109E-06 	2.35880E-06 	
2.36233E-06 	3.35103E-06 	3.82669E-06 	4.19441E-06 	4.50456E-06 	4.71634E-06 	4.91472E-06 	5.05335E-06 	5.10614E-06 	5.13253E-06 	5.12046E-06 	4.99616E-06 	4.76000E-06 	4.24962E-06 	2.89611E-06 	
2.82754E-06 	4.06097E-06 	4.67796E-06 	5.15308E-06 	5.50417E-06 	5.75748E-06 	6.00490E-06 	6.17959E-06 	6.23612E-06 	6.26671E-06 	6.28860E-06 	6.12863E-06 	5.79009E-06 	5.16883E-06 	3.50755E-06 	
3.28906E-06 	4.77314E-06 	5.55163E-06 	6.07318E-06 	6.52427E-06 	6.83301E-06 	7.13066E-06 	7.29939E-06 	7.42183E-06 	7.43557E-06 	7.41500E-06 	7.26876E-06 	6.89028E-06 	6.11540E-06 	4.11490E-06 	
3.77513E-06 	5.60804E-06 	6.52184E-06 	7.17377E-06 	7.67432E-06 	8.08922E-06 	8.36216E-06 	8.59349E-06 	8.72962E-06 	8.77107E-06 	8.74794E-06 	8.51649E-06 	8.10925E-06 	7.17182E-06 	4.80628E-06 	
4.15667E-06 	6.23776E-06 	7.31637E-06 	7.99704E-06 	8.59038E-06 	9.02575E-06 	9.32720E-06 	9.64667E-06 	9.74860E-06 	9.76664E-06 	9.74277E-06 	9.51524E-06 	9.05936E-06 	7.98261E-06 	5.35092E-06 	
4.67788E-06 	7.08960E-06 	8.27230E-06 	9.09263E-06 	9.80583E-06 	1.02933E-05 	1.06296E-05 	1.09695E-05 	1.11115E-05 	1.11135E-05 	1.10862E-05 	1.08318E-05 	1.02511E-05 	9.06622E-06 	6.05034E-06 	
5.22728E-06 	7.93766E-06 	9.24688E-06 	1.02334E-05 	1.10343E-05 	1.15600E-05 	1.19229E-05 	1.23379E-05 	1.24476E-05 	1.24869E-05 	1.23983E-05 	1.21847E-05 	1.14244E-05 	1.00950E-05 	6.70511E-06 	
5.74824E-06 	8.75854E-06 	1.02310E-05 	1.13666E-05 	1.22267E-05 	1.27679E-05 	1.31299E-05 	1.36609E-05 	1.37119E-05 	1.38044E-05 	1.37327E-05 	1.34584E-05 	1.25915E-05 	1.11248E-05 	7.34617E-06 	
6.29039E-06 	9.56349E-06 	1.12680E-05 	1.24352E-05 	1.33814E-05 	1.39451E-05 	1.44518E-05 	1.49997E-05 	1.49959E-05 	1.50217E-05 	1.50304E-05 	1.46706E-05 	1.37061E-05 	1.21036E-05 	8.01482E-06 	
6.81013E-06 	1.05248E-05 	1.22948E-05 	1.36202E-05 	1.46464E-05 	1.52209E-05 	1.58311E-05 	1.64004E-05 	1.63915E-05 	1.63996E-05 	1.64636E-05 	1.60351E-05 	1.49660E-05 	1.32273E-05 	8.77026E-06 	
7.45766E-06 	1.14929E-05 	1.34925E-05 	1.50013E-05 	1.60980E-05 	1.67389E-05 	1.73970E-05 	1.78448E-05 	1.81528E-05 	1.80892E-05 	1.81289E-05 	1.75617E-05 	1.63828E-05 	1.43925E-05 	9.66911E-06 	
8.12350E-06 	1.23141E-05 	1.46604E-05 	1.61689E-05 	1.73741E-05 	1.81370E-05 	1.88118E-05 	1.93708E-05 	1.96759E-05 	1.94575E-05 	1.95057E-05 	1.90291E-05 	1.76763E-05 	1.54341E-05 	1.03300E-05 	
8.37646E-06 	1.27447E-05 	1.50972E-05 	1.66379E-05 	1.78872E-05 	1.87744E-05 	1.93370E-05 	1.99929E-05 	2.02904E-05 	2.01159E-05 	2.00965E-05 	1.96230E-05 	1.82279E-05 	1.58043E-05 	1.06370E-05 	
9.10357E-06 	1.39563E-05 	1.65004E-05 	1.81809E-05 	1.95491E-05 	2.05491E-05 	2.11417E-05 	2.17379E-05 	2.22198E-05 	2.19634E-05 	2.19645E-05 	2.13508E-05 	1.98181E-05 	1.71948E-05 	1.15608E-05 	
1.01220E-05 	1.52480E-05 	1.81896E-05 	2.00193E-05 	2.14905E-05 	2.26037E-05 	2.31392E-05 	2.39011E-05 	2.44645E-05 	2.39762E-05 	2.41019E-05 	2.33801E-05 	2.15680E-05 	1.88489E-05 	1.27852E-05 	
1.00523E-05 	1.53266E-05 	1.80279E-05 	2.00819E-05 	2.15371E-05 	2.25359E-05 	2.29963E-05 	2.39280E-05 	2.44244E-05 	2.39534E-05 	2.39737E-05 	2.31817E-05 	2.15488E-05 	1.86889E-05 	1.27008E-05 	
1.14915E-05 	1.74572E-05 	2.04400E-05 	2.27468E-05 	2.44824E-05 	2.56641E-05 	2.61671E-05 	2.72397E-05 	2.76787E-05 	2.72524E-05 	2.72120E-05 	2.61584E-05 	2.44418E-05 	2.11635E-05 	1.43485E-05 	
1.13841E-05 	1.70485E-05 	1.99970E-05 	2.23461E-05 	2.39345E-05 	2.50934E-05 	2.56982E-05 	2.67311E-05 	2.70608E-05 	2.68485E-05 	2.65450E-05 	2.56193E-05 	2.38477E-05 	2.05748E-05 	1.41560E-05 	
1.29797E-05 	1.90401E-05 	2.25269E-05 	2.49400E-05 	2.68858E-05 	2.80924E-05 	2.87709E-05 	2.98349E-05 	3.04312E-05 	3.00489E-05 	2.98024E-05 	2.85211E-05 	2.66115E-05 	2.29835E-05 	1.58446E-05 	
1.29704E-05 	1.88470E-05 	2.22140E-05 	2.48149E-05 	2.65383E-05 	2.78230E-05 	2.86945E-05 	2.92253E-05 	2.99582E-05 	2.97663E-05 	2.94458E-05 	2.81829E-05 	2.64763E-05 	2.27934E-05 	1.56088E-05 	
1.45689E-05 	2.11976E-05 	2.49339E-05 	2.78950E-05 	2.96761E-05 	3.11787E-05 	3.21214E-05 	3.28606E-05 	3.34188E-05 	3.34182E-05 	3.27375E-05 	3.15817E-05 	2.96138E-05 	2.55703E-05 	1.74018E-05 	
1.41289E-05 	2.04542E-05 	2.41970E-05 	2.66693E-05 	2.87237E-05 	2.99348E-05 	3.09696E-05 	3.16561E-05 	3.22668E-05 	3.23256E-05 	3.14519E-05 	3.06257E-05 	2.84754E-05 	2.44880E-05 	1.68269E-05 	
1.64003E-05 	2.33536E-05 	2.75482E-05 	3.05446E-05 	3.26982E-05 	3.45240E-05 	3.52187E-05 	3.59514E-05 	3.67609E-05 	3.69054E-05 	3.55529E-05 	3.47474E-05 	3.24963E-05 	2.76747E-05 	1.92631E-05 	
1.56284E-05 	2.20632E-05 	2.61482E-05 	2.87912E-05 	3.08408E-05 	3.23791E-05 	3.35576E-05 	3.39190E-05 	3.45114E-05 	3.47725E-05 	3.37169E-05 	3.27568E-05 	3.03399E-05 	2.61229E-05 	1.82896E-05 	
1.78310E-05 	2.50472E-05 	2.93248E-05 	3.25833E-05 	3.50179E-05 	3.64894E-05 	3.78192E-05 	3.81031E-05 	3.90808E-05 	3.93146E-05 	3.80765E-05 	3.71125E-05 	3.44614E-05 	2.93599E-05 	2.04236E-05 	
1.78806E-05 	2.50195E-05 	2.94092E-05 	3.22293E-05 	3.49153E-05 	3.61811E-05 	3.78773E-05 	3.81546E-05 	3.88216E-05 	3.88896E-05 	3.78870E-05 	3.68238E-05 	3.41280E-05 	2.90923E-05 	2.02131E-05 	
1.83737E-05 	2.57882E-05 	3.00416E-05 	3.30904E-05 	3.60286E-05 	3.72651E-05 	3.87675E-05 	3.90816E-05 	3.97389E-05 	4.00610E-05 	3.85525E-05 	3.79867E-05 	3.47162E-05 	2.97006E-05 	2.08963E-05 	
2.05395E-05 	2.85818E-05 	3.30290E-05 	3.69689E-05 	3.98420E-05 	4.14105E-05 	4.28443E-05 	4.34682E-05 	4.39238E-05 	4.40086E-05 	4.28833E-05 	4.16991E-05 	3.85516E-05 	3.27231E-05 	2.33332E-05 	
1.93043E-05 	2.68660E-05 	3.10779E-05 	3.44378E-05 	3.73849E-05 	3.85522E-05 	3.98829E-05 	4.07207E-05 	4.09893E-05 	4.14770E-05 	4.01301E-05 	3.89751E-05 	3.59316E-05 	3.07503E-05 	2.19819E-05 	
2.16377E-05 	2.94614E-05 	3.38241E-05 	3.77324E-05 	4.10858E-05 	4.24476E-05 	4.36595E-05 	4.42463E-05 	4.47976E-05 	4.49524E-05 	4.38689E-05 	4.26946E-05 	3.90107E-05 	3.37047E-05 	2.40564E-05 	
2.33202E-05 	3.16123E-05 	3.64857E-05 	4.03517E-05 	4.38427E-05 	4.54245E-05 	4.67282E-05 	4.72473E-05 	4.79346E-05 	4.82186E-05 	4.68138E-05 	4.54107E-05 	4.19326E-05 	3.57694E-05 	2.57847E-05 	
2.17646E-05 	2.95609E-05 	3.36867E-05 	3.73027E-05 	4.04226E-05 	4.26247E-05 	4.34171E-05 	4.42059E-05 	4.43726E-05 	4.45559E-05 	4.35634E-05 	4.21117E-05 	3.85763E-05 	3.32896E-05 	2.41127E-05 	
2.40119E-05 	3.28089E-05 	3.73842E-05 	4.14120E-05 	4.40835E-05 	4.64494E-05 	4.77581E-05 	4.83436E-05 	4.89323E-05 	4.88807E-05 	4.78852E-05 	4.61957E-05 	4.22708E-05 	3.63085E-05 	2.67008E-05 	
2.59391E-05 	3.46532E-05 	4.00040E-05 	4.42699E-05 	4.71800E-05 	4.99816E-05 	5.10058E-05 	5.18347E-05 	5.20631E-05 	5.22372E-05 	5.13313E-05 	4.89001E-05 	4.49393E-05 	3.91137E-05 	2.83262E-05 	
2.47348E-05 	3.27396E-05 	3.76387E-05 	4.13232E-05 	4.44591E-05 	4.70634E-05 	4.81165E-05 	4.83757E-05 	4.89136E-05 	4.87074E-05 	4.80750E-05 	4.56756E-05 	4.27975E-05 	3.67044E-05 	2.66198E-05 	
2.60708E-05 	3.42145E-05 	4.01425E-05 	4.42184E-05 	4.70500E-05 	4.93302E-05 	5.03348E-05 	5.09337E-05 	5.15350E-05 	5.10084E-05 	5.01553E-05 	4.82139E-05 	4.44454E-05 	3.86498E-05 	2.79751E-05 	
2.86496E-05 	3.71914E-05 	4.38564E-05 	4.79671E-05 	5.17876E-05 	5.36479E-05 	5.51112E-05 	5.54235E-05 	5.61378E-05 	5.54412E-05 	5.44250E-05 	5.22744E-05 	4.86649E-05 	4.24880E-05 	3.02993E-05 	
2.88820E-05 	3.77236E-05 	4.39356E-05 	4.82776E-05 	5.18662E-05 	5.43327E-05 	5.55569E-05 	5.58383E-05 	5.60941E-05 	5.59961E-05 	5.45896E-05 	5.22365E-05 	4.87977E-05 	4.22444E-05 	3.02905E-05 	
2.71640E-05 	3.49086E-05 	4.14017E-05 	4.49185E-05 	4.83947E-05 	5.04625E-05 	5.19208E-05 	5.26734E-05 	5.28299E-05 	5.19882E-05 	5.09852E-05 	4.90499E-05 	4.53218E-05 	3.93569E-05 	2.85783E-05 	
3.05581E-05 	3.91417E-05 	4.59205E-05 	5.00986E-05 	5.34609E-05 	5.62105E-05 	5.76419E-05 	5.83891E-05 	5.82388E-05 	5.78807E-05 	5.69480E-05 	5.43913E-05 	5.03233E-05 	4.35919E-05 	3.18628E-05 	
3.25549E-05 	4.13507E-05 	4.80092E-05 	5.28600E-05 	5.68109E-05 	5.89428E-05 	6.05414E-05 	6.15439E-05 	6.15355E-05 	6.10868E-05 	5.95952E-05 	5.72389E-05 	5.33121E-05 	4.55007E-05 	3.36186E-05 	
3.21028E-05 	4.12624E-05 	4.76066E-05 	5.19009E-05 	5.56937E-05 	5.78529E-05 	5.93914E-05 	6.04570E-05 	5.99200E-05 	5.99791E-05 	5.91122E-05 	5.56142E-05 	5.21298E-05 	4.52463E-05 	3.27374E-05 	
3.07852E-05 	3.92836E-05 	4.55375E-05 	4.96393E-05 	5.29321E-05 	5.54222E-05 	5.68994E-05 	5.78123E-05 	5.72740E-05 	5.66144E-05 	5.58396E-05 	5.30719E-05 	4.89682E-05 	4.31059E-05 	3.12486E-05 	
3.44746E-05 	4.39345E-05 	5.08681E-05 	5.52351E-05 	5.88651E-05 	6.14374E-05 	6.29775E-05 	6.38835E-05 	6.35989E-05 	6.25752E-05 	6.14144E-05 	5.91573E-05 	5.46889E-05 	4.75488E-05 	3.41350E-05 	
3.61472E-05 	4.59102E-05 	5.34497E-05 	5.75945E-05 	6.10799E-05 	6.41262E-05 	6.61506E-05 	6.66641E-05 	6.65909E-05 	6.59272E-05 	6.44912E-05 	6.17330E-05 	5.72059E-05 	4.95332E-05 	3.61619E-05 	
3.56290E-05 	4.60209E-05 	5.24811E-05 	5.66616E-05 	6.08923E-05 	6.34408E-05 	6.57131E-05 	6.60415E-05 	6.56844E-05 	6.49968E-05 	6.39401E-05 	6.07480E-05 	5.65447E-05 	4.92510E-05 	3.57325E-05 	
3.34950E-05 	4.29506E-05 	4.95688E-05 	5.33655E-05 	5.73066E-05 	5.99159E-05 	6.08480E-05 	6.15349E-05 	6.14181E-05 	6.06377E-05 	5.95934E-05 	5.66726E-05 	5.27693E-05 	4.57880E-05 	3.34942E-05 	
3.71629E-05 	4.70991E-05 	5.40297E-05 	5.87235E-05 	6.26398E-05 	6.56587E-05 	6.71123E-05 	6.76608E-05 	6.80425E-05 	6.64754E-05 	6.63933E-05 	6.21178E-05 	5.83472E-05 	5.02346E-05 	3.68376E-05 	
3.90889E-05 	5.02391E-05 	5.75476E-05 	6.26242E-05 	6.61843E-05 	6.88874E-05 	7.13817E-05 	7.09002E-05 	7.13818E-05 	7.04787E-05 	7.02321E-05 	6.55850E-05 	6.19078E-05 	5.26097E-05 	3.98375E-05 	
3.98362E-05 	5.16675E-05 	5.90251E-05 	6.38355E-05 	6.73572E-05 	7.00806E-05 	7.19753E-05 	7.19285E-05 	7.28064E-05 	7.17265E-05 	7.06799E-05 	6.69427E-05 	6.26633E-05 	5.27716E-05 	4.09328E-05 	
3.71852E-05 	4.80047E-05 	5.48412E-05 	5.95816E-05 	6.37042E-05 	6.56504E-05 	6.71678E-05 	6.80078E-05 	6.71678E-05 	6.76565E-05 	6.59421E-05 	6.26886E-05 	5.88121E-05 	4.89398E-05 	3.80514E-05 	
3.85318E-05 	4.94821E-05 	5.62137E-05 	6.11877E-05 	6.43603E-05 	6.68244E-05 	6.88462E-05 	6.86538E-05 	6.89058E-05 	6.83569E-05 	6.68909E-05 	6.39987E-05 	5.99035E-05 	5.02907E-05 	3.85755E-05 	
4.21932E-05 	5.30337E-05 	6.09001E-05 	6.49174E-05 	6.98868E-05 	7.22990E-05 	7.39649E-05 	7.44779E-05 	7.52004E-05 	7.38222E-05 	7.20303E-05 	6.84642E-05 	6.45263E-05 	5.44716E-05 	4.17915E-05 	
4.44287E-05 	5.61075E-05 	6.29960E-05 	6.86927E-05 	7.28714E-05 	7.48936E-05 	7.70050E-05 	7.73643E-05 	7.78542E-05 	7.72434E-05 	7.44586E-05 	7.15220E-05 	6.67098E-05 	5.64447E-05 	4.30517E-05 	
4.47471E-05 	5.56713E-05 	6.34782E-05 	6.89000E-05 	7.28357E-05 	7.54944E-05 	7.70863E-05 	7.82199E-05 	7.81984E-05 	7.76387E-05 	7.50323E-05 	7.19624E-05 	6.64180E-05 	5.72194E-05 	4.31210E-05 	
4.24518E-05 	5.29147E-05 	5.98462E-05 	6.41583E-05 	6.87228E-05 	7.07820E-05 	7.32489E-05 	7.26959E-05 	7.23764E-05 	7.31870E-05 	6.99608E-05 	6.77587E-05 	6.25078E-05 	5.35432E-05 	3.98394E-05 	
4.38072E-05 	5.38309E-05 	6.12838E-05 	6.64246E-05 	7.09504E-05 	7.17392E-05 	7.53363E-05 	7.48366E-05 	7.48745E-05 	7.45121E-05 	7.21978E-05 	6.96455E-05 	6.42288E-05 	5.50385E-05 	4.12274E-05 	
4.71874E-05 	5.74801E-05 	6.62312E-05 	7.19420E-05 	7.51049E-05 	7.77882E-05 	8.00101E-05 	8.02292E-05 	8.04341E-05 	7.98198E-05 	7.70526E-05 	7.38747E-05 	6.83005E-05 	5.92968E-05 	4.42249E-05 	
4.88108E-05 	5.98561E-05 	6.85812E-05 	7.45136E-05 	7.85669E-05 	8.08966E-05 	8.38276E-05 	8.29828E-05 	8.30441E-05 	8.28901E-05 	8.07015E-05 	7.68708E-05 	7.11316E-05 	6.20332E-05 	4.62492E-05 	
4.93312E-05 	6.13055E-05 	6.98179E-05 	7.52164E-05 	7.99993E-05 	8.22303E-05 	8.47439E-05 	8.48578E-05 	8.44126E-05 	8.42232E-05 	8.07227E-05 	7.77680E-05 	7.20076E-05 	6.29211E-05 	4.77434E-05 	
4.86190E-05 	5.97519E-05 	6.70003E-05 	7.29347E-05 	7.75931E-05 	7.96994E-05 	8.29600E-05 	8.16599E-05 	8.35302E-05 	8.19915E-05 	7.90748E-05 	7.55182E-05 	6.99057E-05 	6.08392E-05 	4.66025E-05 	
4.57701E-05 	5.61751E-05 	6.22217E-05 	6.91752E-05 	7.35265E-05 	7.49141E-05 	7.74895E-05 	7.63131E-05 	7.72221E-05 	7.75272E-05 	7.37118E-05 	7.03649E-05 	6.47398E-05 	5.68020E-05 	4.32020E-05 	
4.96610E-05 	6.15160E-05 	6.90601E-05 	7.58323E-05 	7.92728E-05 	8.15985E-05 	8.35242E-05 	8.42580E-05 	8.43970E-05 	8.48694E-05 	8.05852E-05 	7.66279E-05 	7.06774E-05 	6.18196E-05 	4.72859E-05 	
5.28622E-05 	6.43766E-05 	7.23970E-05 	7.87602E-05 	8.35664E-05 	8.55469E-05 	8.83933E-05 	8.75438E-05 	8.85778E-05 	8.90258E-05 	8.47776E-05 	7.98617E-05 	7.45306E-05 	6.50811E-05 	5.01128E-05 	
5.38587E-05 	6.61970E-05 	7.41747E-05 	8.19309E-05 	8.52625E-05 	8.75572E-05 	9.02367E-05 	9.04217E-05 	9.03844E-05 	9.13987E-05 	8.70055E-05 	8.08424E-05 	7.67457E-05 	6.68175E-05 	5.15003E-05 	
5.54452E-05 	6.73172E-05 	7.47264E-05 	8.22172E-05 	8.58912E-05 	8.88895E-05 	9.15648E-05 	9.09246E-05 	9.13959E-05 	9.21764E-05 	8.75754E-05 	8.22226E-05 	7.72646E-05 	6.72265E-05 	5.18600E-05 	
5.30547E-05 	6.46265E-05 	7.06316E-05 	7.87111E-05 	8.24006E-05 	8.41672E-05 	8.73489E-05 	8.78983E-05 	8.65834E-05 	8.69358E-05 	8.45053E-05 	7.85705E-05 	7.28328E-05 	6.48364E-05 	4.99420E-05 	
5.09400E-05 	6.15117E-05 	6.88214E-05 	7.50011E-05 	7.91168E-05 	8.14018E-05 	8.33274E-05 	8.44575E-05 	8.30897E-05 	8.32218E-05 	8.08508E-05 	7.52131E-05 	7.02011E-05 	6.28015E-05 	4.75073E-05 	
5.48581E-05 	6.75988E-05 	7.48939E-05 	8.16366E-05 	8.59215E-05 	8.81513E-05 	9.17612E-05 	9.22022E-05 	8.97965E-05 	9.06862E-05 	8.80080E-05 	8.11020E-05 	7.61048E-05 	6.80881E-05 	5.07986E-05 	
5.73324E-05 	7.02927E-05 	7.67899E-05 	8.39306E-05 	9.07387E-05 	9.12755E-05 	9.44234E-05 	9.59224E-05 	9.40511E-05 	9.35261E-05 	9.23832E-05 	8.50904E-05 	7.93085E-05 	7.13851E-05 	5.35199E-05 	
5.86647E-05 	7.09962E-05 	7.90024E-05 	8.67871E-05 	9.30281E-05 	9.48086E-05 	9.65286E-05 	9.82990E-05 	9.72866E-05 	9.55326E-05 	9.40681E-05 	8.72213E-05 	8.13986E-05 	7.25141E-05 	5.38648E-05 	
5.90900E-05 	7.28680E-05 	7.91005E-05 	8.70623E-05 	9.40600E-05 	9.53452E-05 	9.80843E-05 	9.94616E-05 	9.83118E-05 	9.60079E-05 	9.55281E-05 	8.82908E-05 	8.22470E-05 	7.33477E-05 	5.43540E-05 	
5.85053E-05 	7.13102E-05 	7.78705E-05 	8.55373E-05 	9.05734E-05 	9.32505E-05 	9.58510E-05 	9.67712E-05 	9.68631E-05 	9.44516E-05 	9.28293E-05 	8.64682E-05 	8.15834E-05 	7.16961E-05 	5.35609E-05 	
5.46166E-05 	6.69304E-05 	7.29643E-05 	8.02534E-05 	8.62369E-05 	8.81343E-05 	8.96117E-05 	9.13885E-05 	9.03805E-05 	8.84284E-05 	8.78402E-05 	8.17610E-05 	7.55757E-05 	6.76035E-05 	5.04247E-05 	
5.88199E-05 	7.03505E-05 	7.83644E-05 	8.50899E-05 	8.95884E-05 	9.46847E-05 	9.43409E-05 	9.75350E-05 	9.40162E-05 	9.32212E-05 	9.18994E-05 	8.54908E-05 	7.89957E-05 	7.19352E-05 	5.39464E-05 	
6.05802E-05 	7.44115E-05 	8.01476E-05 	8.97258E-05 	9.43082E-05 	9.76626E-05 	9.86488E-05 	1.00833E-04 	9.99966E-05 	9.77246E-05 	9.62461E-05 	9.05082E-05 	8.39957E-05 	7.31788E-05 	5.58425E-05 	
6.42441E-05 	7.56495E-05 	8.39327E-05 	9.15819E-05 	9.59334E-05 	1.02528E-04 	1.01189E-04 	1.03485E-04 	1.03250E-04 	1.01541E-04 	9.80016E-05 	9.36580E-05 	8.69539E-05 	7.68385E-05 	5.71953E-05 	
6.52119E-05 	7.77728E-05 	8.54485E-05 	9.28862E-05 	9.81214E-05 	1.03414E-04 	1.03352E-04 	1.05709E-04 	1.05248E-04 	1.02272E-04 	1.01052E-04 	9.52441E-05 	8.87524E-05 	7.76849E-05 	5.85250E-05 	
6.50204E-05 	7.77713E-05 	8.64022E-05 	9.27596E-05 	9.82563E-05 	1.04420E-04 	1.04810E-04 	1.06760E-04 	1.06301E-04 	1.03290E-04 	1.01300E-04 	9.68240E-05 	8.97199E-05 	7.83330E-05 	5.92263E-05 	
6.34552E-05 	7.56072E-05 	8.38508E-05 	9.14802E-05 	9.52246E-05 	1.02206E-04 	1.00580E-04 	1.04181E-04 	1.03135E-04 	1.01153E-04 	9.78363E-05 	9.55217E-05 	8.71886E-05 	7.59253E-05 	5.75064E-05 	
5.97570E-05 	7.19003E-05 	7.90483E-05 	8.54708E-05 	8.92324E-05 	9.64810E-05 	9.54213E-05 	9.70505E-05 	9.79242E-05 	9.50010E-05 	9.24401E-05 	8.94903E-05 	8.26676E-05 	7.14186E-05 	5.29360E-05 	
6.26223E-05 	7.42934E-05 	8.44302E-05 	9.06450E-05 	9.56485E-05 	1.00932E-04 	1.01154E-04 	1.02275E-04 	1.03442E-04 	1.00594E-04 	9.72713E-05 	9.40219E-05 	8.59877E-05 	7.61767E-05 	5.64135E-05 	
6.57669E-05 	7.71460E-05 	8.64337E-05 	9.29650E-05 	9.88777E-05 	1.03062E-04 	1.05740E-04 	1.05295E-04 	1.07808E-04 	1.04606E-04 	1.02438E-04 	9.75934E-05 	9.11209E-05 	7.88100E-05 	5.96074E-05 	
6.79834E-05 	8.17154E-05 	8.93593E-05 	9.75215E-05 	1.02074E-04 	1.07266E-04 	1.09078E-04 	1.11363E-04 	1.10002E-04 	1.07902E-04 	1.05336E-04 	1.00806E-04 	9.54457E-05 	8.13504E-05 	6.07642E-05 	
6.94948E-05 	8.26621E-05 	8.94511E-05 	9.86973E-05 	1.02654E-04 	1.09649E-04 	1.11468E-04 	1.12753E-04 	1.13323E-04 	1.10516E-04 	1.07565E-04 	1.02084E-04 	9.53768E-05 	8.32296E-05 	6.22917E-05 	
6.99524E-05 	8.34408E-05 	9.00430E-05 	1.00396E-04 	1.04683E-04 	1.09505E-04 	1.11590E-04 	1.12145E-04 	1.13936E-04 	1.11742E-04 	1.09633E-04 	1.03074E-04 	9.78598E-05 	8.43449E-05 	6.26325E-05 	
6.90115E-05 	8.45489E-05 	9.10281E-05 	9.93512E-05 	1.03020E-04 	1.09636E-04 	1.13079E-04 	1.12358E-04 	1.13064E-04 	1.11996E-04 	1.09930E-04 	1.02976E-04 	9.80540E-05 	8.31157E-05 	6.30956E-05 	
6.72949E-05 	8.04516E-05 	8.92531E-05 	9.70412E-05 	1.00558E-04 	1.06700E-04 	1.10116E-04 	1.08285E-04 	1.09830E-04 	1.10075E-04 	1.06374E-04 	9.97356E-05 	9.41033E-05 	8.15192E-05 	6.20104E-05 	
6.35712E-05 	7.56587E-05 	8.26575E-05 	9.00431E-05 	9.41227E-05 	9.87451E-05 	1.01726E-04 	1.02087E-04 	1.01923E-04 	1.01032E-04 	9.98433E-05 	9.42220E-05 	8.85998E-05 	7.57787E-05 	5.70984E-05 	
6.76114E-05 	8.09633E-05 	8.86662E-05 	9.68264E-05 	1.03116E-04 	1.07683E-04 	1.12877E-04 	1.10945E-04 	1.11848E-04 	1.12381E-04 	1.08289E-04 	1.03811E-04 	9.79589E-05 	8.51444E-05 	6.16765E-05 	
7.12275E-05 	8.30898E-05 	9.37788E-05 	1.00278E-04 	1.05665E-04 	1.09636E-04 	1.14733E-04 	1.14529E-04 	1.14314E-04 	1.13684E-04 	1.11606E-04 	1.06206E-04 	9.85287E-05 	8.60234E-05 	6.33594E-05 	
7.11663E-05 	8.52092E-05 	9.44012E-05 	1.02108E-04 	1.08573E-04 	1.11625E-04 	1.17630E-04 	1.17360E-04 	1.17222E-04 	1.18656E-04 	1.13853E-04 	1.10052E-04 	1.02888E-04 	8.96046E-05 	6.50175E-05 	
7.32684E-05 	8.57622E-05 	9.59054E-05 	1.02614E-04 	1.11125E-04 	1.15374E-04 	1.19977E-04 	1.21017E-04 	1.19393E-04 	1.18809E-04 	1.16876E-04 	1.10953E-04 	1.02851E-04 	9.14931E-05 	6.57911E-05 	
7.57151E-05 	8.52585E-05 	9.72134E-05 	1.02930E-04 	1.10479E-04 	1.14397E-04 	1.19781E-04 	1.20119E-04 	1.20641E-04 	1.20011E-04 	1.17713E-04 	1.13878E-04 	1.04773E-04 	9.30723E-05 	6.68901E-05 	
7.55900E-05 	8.74169E-05 	9.70162E-05 	1.04525E-04 	1.11026E-04 	1.16194E-04 	1.22130E-04 	1.22936E-04 	1.22209E-04 	1.21005E-04 	1.17997E-04 	1.12979E-04 	1.05564E-04 	9.23542E-05 	6.76234E-05 	
7.19271E-05 	8.46367E-05 	9.31782E-05 	9.89458E-05 	1.07517E-04 	1.11888E-04 	1.16972E-04 	1.17976E-04 	1.18029E-04 	1.16860E-04 	1.14678E-04 	1.09920E-04 	1.01204E-04 	9.02374E-05 	6.51096E-05 	
6.84832E-05 	7.97145E-05 	8.73027E-05 	9.50385E-05 	9.95969E-05 	1.05102E-04 	1.10396E-04 	1.12066E-04 	1.10710E-04 	1.09969E-04 	1.08005E-04 	1.04366E-04 	9.71161E-05 	8.41892E-05 	6.28055E-05 	
7.11385E-05 	8.27259E-05 	9.19656E-05 	9.85243E-05 	1.04770E-04 	1.08781E-04 	1.15424E-04 	1.17027E-04 	1.17434E-04 	1.16199E-04 	1.14128E-04 	1.07962E-04 	1.00920E-04 	8.99297E-05 	6.45381E-05 	
7.41654E-05 	8.73980E-05 	9.42841E-05 	1.03526E-04 	1.08086E-04 	1.12600E-04 	1.19844E-04 	1.20785E-04 	1.20134E-04 	1.18746E-04 	1.18125E-04 	1.14606E-04 	1.06310E-04 	9.25482E-05 	6.83838E-05 	
7.16766E-05 	8.79923E-05 	9.61555E-05 	1.05451E-04 	1.11991E-04 	1.18894E-04 	1.21824E-04 	1.23468E-04 	1.25528E-04 	1.23984E-04 	1.21041E-04 	1.15915E-04 	1.09502E-04 	9.55164E-05 	7.01255E-05 	
7.66408E-05 	8.98071E-05 	9.89111E-05 	1.04552E-04 	1.13305E-04 	1.18905E-04 	1.23672E-04 	1.28989E-04 	1.27689E-04 	1.24841E-04 	1.25145E-04 	1.18656E-04 	1.12137E-04 	1.00196E-04 	7.03652E-05 	
7.60425E-05 	9.37005E-05 	9.78365E-05 	1.07071E-04 	1.12810E-04 	1.20641E-04 	1.26100E-04 	1.27299E-04 	1.29024E-04 	1.25912E-04 	1.25693E-04 	1.21454E-04 	1.13378E-04 	9.93116E-05 	7.37875E-05 	
7.58367E-05 	9.01581E-05 	9.84516E-05 	1.04885E-04 	1.14347E-04 	1.20681E-04 	1.25842E-04 	1.28543E-04 	1.29566E-04 	1.28743E-04 	1.25942E-04 	1.22435E-04 	1.14293E-04 	1.00743E-04 	7.13943E-05 	
7.72099E-05 	9.13858E-05 	1.00939E-04 	1.07124E-04 	1.11627E-04 	1.20769E-04 	1.26136E-04 	1.29500E-04 	1.31443E-04 	1.29278E-04 	1.28219E-04 	1.23831E-04 	1.16893E-04 	1.03613E-04 	7.41330E-05 	
7.37085E-05 	8.73501E-05 	9.51646E-05 	1.02940E-04 	1.10242E-04 	1.17254E-04 	1.21641E-04 	1.25102E-04 	1.26110E-04 	1.26587E-04 	1.21857E-04 	1.20612E-04 	1.09569E-04 	9.90110E-05 	7.02777E-05 	
7.16120E-05 	8.38483E-05 	9.10544E-05 	9.71857E-05 	1.01886E-04 	1.09834E-04 	1.15993E-04 	1.19148E-04 	1.20187E-04 	1.17582E-04 	1.19685E-04 	1.14655E-04 	1.09155E-04 	9.20124E-05 	6.72973E-05 	
7.30922E-05 	8.44287E-05 	9.40671E-05 	9.92914E-05 	1.05972E-04 	1.12870E-04 	1.20944E-04 	1.20316E-04 	1.21907E-04 	1.21819E-04 	1.20472E-04 	1.15044E-04 	1.09000E-04 	9.73879E-05 	7.05330E-05 	
7.52320E-05 	8.95483E-05 	9.56438E-05 	1.04160E-04 	1.08102E-04 	1.16318E-04 	1.22985E-04 	1.28380E-04 	1.29155E-04 	1.27112E-04 	1.28168E-04 	1.22273E-04 	1.16795E-04 	1.01152E-04 	7.29697E-05 	
7.88055E-05 	9.04768E-05 	9.98573E-05 	1.05308E-04 	1.11223E-04 	1.19401E-04 	1.24608E-04 	1.31280E-04 	1.31030E-04 	1.28708E-04 	1.30343E-04 	1.25989E-04 	1.16625E-04 	1.04769E-04 	7.39021E-05 	
7.78181E-05 	9.23014E-05 	9.86507E-05 	1.07172E-04 	1.14371E-04 	1.20887E-04 	1.26419E-04 	1.32189E-04 	1.34785E-04 	1.33494E-04 	1.35110E-04 	1.27575E-04 	1.22208E-04 	1.08935E-04 	7.62232E-05 	
7.87289E-05 	9.17847E-05 	1.00991E-04 	1.05775E-04 	1.12871E-04 	1.22584E-04 	1.29019E-04 	1.32521E-04 	1.36706E-04 	1.34390E-04 	1.34828E-04 	1.29680E-04 	1.22373E-04 	1.09434E-04 	7.77849E-05 	
8.08396E-05 	9.39830E-05 	1.00778E-04 	1.07148E-04 	1.16645E-04 	1.22217E-04 	1.28880E-04 	1.35080E-04 	1.37339E-04 	1.37522E-04 	1.35889E-04 	1.31329E-04 	1.24014E-04 	1.11944E-04 	7.93713E-05 	
7.76303E-05 	9.30856E-05 	1.00799E-04 	1.06474E-04 	1.14036E-04 	1.21324E-04 	1.26931E-04 	1.31603E-04 	1.39232E-04 	1.35845E-04 	1.37198E-04 	1.32259E-04 	1.23852E-04 	1.09587E-04 	8.03901E-05 	
8.04025E-05 	9.35010E-05 	9.86282E-05 	1.04504E-04 	1.14716E-04 	1.21509E-04 	1.28896E-04 	1.34610E-04 	1.37734E-04 	1.39728E-04 	1.36496E-04 	1.31595E-04 	1.25651E-04 	1.13053E-04 	7.84953E-05 	
7.70125E-05 	8.94714E-05 	9.61303E-05 	1.02746E-04 	1.11906E-04 	1.17453E-04 	1.23086E-04 	1.30251E-04 	1.36359E-04 	1.36669E-04 	1.31632E-04 	1.29351E-04 	1.22879E-04 	1.08846E-04 	8.02715E-05 	
7.27354E-05 	8.63537E-05 	8.91157E-05 	9.65665E-05 	1.04537E-04 	1.11019E-04 	1.17839E-04 	1.19256E-04 	1.28743E-04 	1.27545E-04 	1.26320E-04 	1.22960E-04 	1.16531E-04 	1.00802E-04 	7.25228E-05 	
7.48129E-05 	8.44952E-05 	9.31515E-05 	9.83693E-05 	1.04434E-04 	1.14259E-04 	1.16876E-04 	1.25531E-04 	1.31484E-04 	1.28667E-04 	1.29144E-04 	1.23510E-04 	1.18523E-04 	1.06516E-04 	7.54792E-05 	
7.62883E-05 	9.16719E-05 	9.53437E-05 	1.03020E-04 	1.10966E-04 	1.16703E-04 	1.24189E-04 	1.28275E-04 	1.39188E-04 	1.38008E-04 	1.35554E-04 	1.33436E-04 	1.27657E-04 	1.10761E-04 	7.86408E-05 	
7.78399E-05 	9.09967E-05 	9.60102E-05 	1.02908E-04 	1.10670E-04 	1.21541E-04 	1.25254E-04 	1.32617E-04 	1.38039E-04 	1.38112E-04 	1.39363E-04 	1.32996E-04 	1.29075E-04 	1.13692E-04 	8.20517E-05 	
7.76071E-05 	9.16508E-05 	9.80220E-05 	1.04419E-04 	1.11019E-04 	1.18855E-04 	1.26030E-04 	1.33194E-04 	1.42358E-04 	1.41375E-04 	1.40995E-04 	1.35744E-04 	1.31617E-04 	1.18136E-04 	8.31793E-05 	
8.01224E-05 	9.47699E-05 	9.60697E-05 	1.05920E-04 	1.13422E-04 	1.19320E-04 	1.28406E-04 	1.33964E-04 	1.41500E-04 	1.46789E-04 	1.42926E-04 	1.39936E-04 	1.37252E-04 	1.20590E-04 	8.44716E-05 	
8.01824E-05 	9.09336E-05 	9.92155E-05 	1.06109E-04 	1.10987E-04 	1.20273E-04 	1.25936E-04 	1.32898E-04 	1.42473E-04 	1.44054E-04 	1.45309E-04 	1.37324E-04 	1.36252E-04 	1.19545E-04 	8.51047E-05 	
8.01398E-05 	9.15455E-05 	9.70801E-05 	1.06720E-04 	1.13414E-04 	1.20942E-04 	1.28567E-04 	1.34847E-04 	1.41019E-04 	1.49760E-04 	1.47561E-04 	1.40519E-04 	1.40161E-04 	1.21486E-04 	8.72011E-05 	
8.09885E-05 	9.25080E-05 	9.86359E-05 	1.05305E-04 	1.11820E-04 	1.15998E-04 	1.27515E-04 	1.30465E-04 	1.44144E-04 	1.44358E-04 	1.45906E-04 	1.41436E-04 	1.37919E-04 	1.22328E-04 	8.78714E-05 	
7.81182E-05 	8.88710E-05 	9.56531E-05 	1.01434E-04 	1.07127E-04 	1.13064E-04 	1.24478E-04 	1.30838E-04 	1.36460E-04 	1.42368E-04 	1.42112E-04 	1.36616E-04 	1.38400E-04 	1.21294E-04 	8.38995E-05 	
7.95208E-05 	8.99153E-05 	9.54639E-05 	1.03425E-04 	1.09062E-04 	1.13126E-04 	1.24354E-04 	1.27613E-04 	1.42308E-04 	1.43347E-04 	1.44770E-04 	1.41613E-04 	1.38697E-04 	1.22553E-04 	8.70601E-05 	
7.18322E-05 	8.01178E-05 	8.85692E-05 	9.12033E-05 	9.84195E-05 	1.04821E-04 	1.13890E-04 	1.19097E-04 	1.25777E-04 	1.30367E-04 	1.31498E-04 	1.25828E-04 	1.24310E-04 	1.11796E-04 	7.90724E-05 	
7.63357E-05 	8.34248E-05 	9.19502E-05 	9.71522E-05 	1.05398E-04 	1.06389E-04 	1.16031E-04 	1.23564E-04 	1.33368E-04 	1.36510E-04 	1.37620E-04 	1.37687E-04 	1.32516E-04 	1.19252E-04 	8.36000E-05 	
7.74057E-05 	8.58534E-05 	9.46913E-05 	9.81001E-05 	1.07829E-04 	1.11969E-04 	1.20970E-04 	1.28078E-04 	1.35494E-04 	1.42974E-04 	1.43210E-04 	1.38764E-04 	1.36609E-04 	1.23355E-04 	8.59256E-05 	
7.98060E-05 	8.99541E-05 	9.41561E-05 	1.01644E-04 	1.05073E-04 	1.11444E-04 	1.18363E-04 	1.27634E-04 	1.36201E-04 	1.41697E-04 	1.45921E-04 	1.45732E-04 	1.41992E-04 	1.27045E-04 	9.09567E-05 	
7.77423E-05 	8.68922E-05 	9.23441E-05 	1.00074E-04 	1.06526E-04 	1.15466E-04 	1.21076E-04 	1.31687E-04 	1.39723E-04 	1.45298E-04 	1.49365E-04 	1.44297E-04 	1.43818E-04 	1.29510E-04 	8.91614E-05 	
8.16855E-05 	8.87173E-05 	9.49573E-05 	1.00566E-04 	1.05153E-04 	1.13493E-04 	1.19302E-04 	1.28776E-04 	1.35945E-04 	1.45785E-04 	1.47564E-04 	1.48188E-04 	1.44744E-04 	1.31788E-04 	9.42416E-05 	
7.93087E-05 	8.69142E-05 	9.27719E-05 	1.01900E-04 	1.05964E-04 	1.14552E-04 	1.17467E-04 	1.32382E-04 	1.38874E-04 	1.47973E-04 	1.51987E-04 	1.49553E-04 	1.45819E-04 	1.31325E-04 	9.32840E-05 	
8.08303E-05 	8.73230E-05 	9.57711E-05 	9.84445E-05 	1.01489E-04 	1.13125E-04 	1.22094E-04 	1.26311E-04 	1.36760E-04 	1.44663E-04 	1.52680E-04 	1.49070E-04 	1.48408E-04 	1.35198E-04 	9.73088E-05 	
7.87340E-05 	8.71350E-05 	9.02082E-05 	9.91711E-05 	1.05367E-04 	1.12550E-04 	1.16745E-04 	1.27196E-04 	1.34575E-04 	1.46128E-04 	1.46434E-04 	1.51256E-04 	1.45281E-04 	1.33267E-04 	9.23021E-05 	
8.03662E-05 	8.49608E-05 	9.69258E-05 	9.99626E-05 	1.00702E-04 	1.09728E-04 	1.19335E-04 	1.24126E-04 	1.37155E-04 	1.46632E-04 	1.53046E-04 	1.51992E-04 	1.50230E-04 	1.38243E-04 	9.79363E-05 	
7.40020E-05 	8.25645E-05 	8.72280E-05 	9.20254E-05 	9.91455E-05 	1.05238E-04 	1.11739E-04 	1.18361E-04 	1.26864E-04 	1.37369E-04 	1.41862E-04 	1.44982E-04 	1.38042E-04 	1.29816E-04 	9.02486E-05 	
7.45951E-05 	8.29560E-05 	8.81495E-05 	9.30243E-05 	9.80980E-05 	1.04483E-04 	1.13508E-04 	1.18398E-04 	1.29983E-04 	1.36621E-04 	1.43854E-04 	1.45585E-04 	1.43684E-04 	1.34884E-04 	9.56157E-05 	
7.04749E-05 	7.46036E-05 	8.00315E-05 	8.59703E-05 	9.07972E-05 	9.71997E-05 	1.02377E-04 	1.09515E-04 	1.17777E-04 	1.27113E-04 	1.31812E-04 	1.38489E-04 	1.29652E-04 	1.22207E-04 	8.57920E-05 	
7.42250E-05 	7.81270E-05 	8.60472E-05 	8.92555E-05 	9.28643E-05 	9.96354E-05 	1.08405E-04 	1.13472E-04 	1.26245E-04 	1.33067E-04 	1.37921E-04 	1.42753E-04 	1.40559E-04 	1.31466E-04 	9.31690E-05 	
7.26715E-05 	8.20630E-05 	8.24358E-05 	9.16185E-05 	9.67973E-05 	1.04457E-04 	1.07779E-04 	1.16439E-04 	1.22167E-04 	1.34096E-04 	1.43365E-04 	1.48060E-04 	1.45777E-04 	1.34769E-04 	9.38607E-05 	
7.41314E-05 	8.08606E-05 	8.60557E-05 	8.89993E-05 	9.27569E-05 	9.84820E-05 	1.08970E-04 	1.17393E-04 	1.23996E-04 	1.35447E-04 	1.42268E-04 	1.46192E-04 	1.44280E-04 	1.35313E-04 	9.94531E-05 	
7.23502E-05 	7.90159E-05 	8.41072E-05 	9.09112E-05 	9.48351E-05 	1.01395E-04 	1.08839E-04 	1.14501E-04 	1.21680E-04 	1.34309E-04 	1.43363E-04 	1.52484E-04 	1.46373E-04 	1.36847E-04 	9.66241E-05 	
7.24513E-05 	7.91894E-05 	8.54930E-05 	8.82287E-05 	9.28957E-05 	9.89366E-05 	1.08058E-04 	1.17271E-04 	1.21441E-04 	1.36132E-04 	1.43351E-04 	1.47349E-04 	1.52404E-04 	1.39917E-04 	1.02109E-04 	
7.45819E-05 	8.01570E-05 	8.49356E-05 	8.87781E-05 	9.56175E-05 	9.66873E-05 	1.07817E-04 	1.14821E-04 	1.20375E-04 	1.32820E-04 	1.41534E-04 	1.49555E-04 	1.46430E-04 	1.39413E-04 	1.00041E-04 	
7.14345E-05 	7.65767E-05 	8.13839E-05 	8.51274E-05 	9.06370E-05 	9.78752E-05 	1.07164E-04 	1.12602E-04 	1.17130E-04 	1.30432E-04 	1.42332E-04 	1.48841E-04 	1.51002E-04 	1.40714E-04 	1.04628E-04 	
6.98251E-05 	7.60998E-05 	8.06150E-05 	8.72952E-05 	9.18126E-05 	9.43634E-05 	1.01435E-04 	1.11227E-04 	1.18344E-04 	1.29344E-04 	1.37372E-04 	1.48323E-04 	1.48136E-04 	1.42370E-04 	1.03300E-04 	
7.01721E-05 	7.69083E-05 	8.06111E-05 	8.18886E-05 	8.85286E-05 	9.33256E-05 	1.01878E-04 	1.09825E-04 	1.13535E-04 	1.26837E-04 	1.38148E-04 	1.46768E-04 	1.46987E-04 	1.39773E-04 	1.02590E-04 	
6.76395E-05 	7.22256E-05 	7.87328E-05 	8.50129E-05 	8.55214E-05 	9.47673E-05 	9.82007E-05 	1.06469E-04 	1.16101E-04 	1.18834E-04 	1.39055E-04 	1.43803E-04 	1.48404E-04 	1.40799E-04 	1.03741E-04 	
6.26585E-05 	7.13115E-05 	7.51563E-05 	7.73021E-05 	8.14142E-05 	8.73083E-05 	9.19856E-05 	1.01426E-04 	1.07303E-04 	1.15127E-04 	1.28258E-04 	1.35689E-04 	1.42569E-04 	1.34141E-04 	1.00793E-04 	
6.48977E-05 	6.85447E-05 	7.39240E-05 	7.76143E-05 	8.07032E-05 	8.70530E-05 	9.09163E-05 	9.98839E-05 	1.06982E-04 	1.12192E-04 	1.28334E-04 	1.33401E-04 	1.38614E-04 	1.32822E-04 	9.93283E-05 	
5.80841E-05 	6.50725E-05 	6.75421E-05 	6.94888E-05 	7.44016E-05 	8.20133E-05 	8.57007E-05 	9.15602E-05 	9.62796E-05 	1.03327E-04 	1.16979E-04 	1.21014E-04 	1.30870E-04 	1.24586E-04 	9.21362E-05 	
6.29220E-05 	6.64773E-05 	6.99120E-05 	7.14599E-05 	7.70080E-05 	8.05783E-05 	8.49848E-05 	9.54214E-05 	1.01088E-04 	1.07772E-04 	1.20011E-04 	1.31459E-04 	1.36433E-04 	1.34013E-04 	9.97272E-05 	
5.96706E-05 	6.27157E-05 	7.24114E-05 	7.38272E-05 	7.72295E-05 	8.38463E-05 	8.75337E-05 	9.48539E-05 	1.01354E-04 	1.04672E-04 	1.23219E-04 	1.28846E-04 	1.37734E-04 	1.36007E-04 	9.95372E-05 	
6.16323E-05 	6.54783E-05 	6.82103E-05 	7.02498E-05 	7.54043E-05 	8.02994E-05 	8.48055E-05 	9.04826E-05 	1.00081E-04 	1.08862E-04 	1.14245E-04 	1.26178E-04 	1.38283E-04 	1.37149E-04 	1.00253E-04 	
5.77079E-05 	5.99061E-05 	6.89082E-05 	6.72335E-05 	7.57344E-05 	7.59219E-05 	8.61376E-05 	8.80339E-05 	9.77597E-05 	1.03602E-04 	1.14774E-04 	1.26837E-04 	1.33100E-04 	1.36083E-04 	1.01100E-04 	
5.80129E-05 	6.08712E-05 	6.67590E-05 	6.78692E-05 	7.36076E-05 	7.74382E-05 	8.30267E-05 	8.54851E-05 	9.50833E-05 	9.96237E-05 	1.10217E-04 	1.19696E-04 	1.35705E-04 	1.39725E-04 	1.01450E-04 	
5.48295E-05 	5.84174E-05 	6.46279E-05 	6.50086E-05 	6.82692E-05 	7.49469E-05 	8.11089E-05 	8.55185E-05 	9.42969E-05 	9.72808E-05 	1.08772E-04 	1.17612E-04 	1.27355E-04 	1.31223E-04 	1.02467E-04 	
5.23660E-05 	5.70310E-05 	6.09435E-05 	6.26386E-05 	6.96751E-05 	6.90284E-05 	7.62308E-05 	7.99390E-05 	8.94198E-05 	9.35224E-05 	1.03031E-04 	1.14643E-04 	1.28478E-04 	1.33382E-04 	9.94461E-05 	
5.13481E-05 	5.69420E-05 	6.12915E-05 	6.33488E-05 	6.33736E-05 	6.87960E-05 	7.81882E-05 	7.99820E-05 	8.43679E-05 	9.08679E-05 	1.00748E-04 	1.11128E-04 	1.21075E-04 	1.30023E-04 	9.97624E-05 	
4.95212E-05 	5.22781E-05 	5.39049E-05 	5.85644E-05 	6.17094E-05 	6.45512E-05 	7.11691E-05 	7.50450E-05 	8.14335E-05 	8.56893E-05 	9.54237E-05 	1.06593E-04 	1.16708E-04 	1.28666E-04 	9.77739E-05 	
4.56322E-05 	5.17748E-05 	5.63393E-05 	5.90462E-05 	5.58997E-05 	6.34397E-05 	6.82545E-05 	7.16132E-05 	7.73508E-05 	8.24028E-05 	8.98268E-05 	9.92418E-05 	1.14623E-04 	1.18250E-04 	9.93076E-05 	
4.44541E-05 	4.85230E-05 	5.01061E-05 	5.33274E-05 	5.58340E-05 	5.93456E-05 	6.35989E-05 	6.88404E-05 	7.24914E-05 	7.98825E-05 	8.74304E-05 	9.44121E-05 	1.03606E-04 	1.19234E-04 	9.45495E-05 	
4.11600E-05 	4.36103E-05 	4.69120E-05 	4.94284E-05 	4.94558E-05 	5.51072E-05 	5.81252E-05 	6.45802E-05 	6.66601E-05 	7.23041E-05 	7.71007E-05 	8.66319E-05 	1.00138E-04 	1.06739E-04 	9.00297E-05 	
3.95409E-05 	4.29012E-05 	4.29164E-05 	4.82275E-05 	4.80211E-05 	5.05971E-05 	5.69166E-05 	6.05650E-05 	6.20075E-05 	6.91143E-05 	7.62403E-05 	8.34233E-05 	8.88870E-05 	1.02941E-04 	8.82460E-05 	
3.41253E-05 	3.69476E-05 	3.96965E-05 	4.19899E-05 	4.38032E-05 	4.66354E-05 	4.74299E-05 	5.45690E-05 	5.59785E-05 	6.13070E-05 	6.36030E-05 	7.21040E-05 	8.44656E-05 	9.08831E-05 	8.18818E-05 	
3.52861E-05 	3.55280E-05 	3.67084E-05 	4.00104E-05 	4.28088E-05 	4.31131E-05 	4.58222E-05 	5.00788E-05 	5.10455E-05 	6.04772E-05 	6.54900E-05 	6.85818E-05 	7.52195E-05 	8.95080E-05 	8.05134E-05 	
3.22632E-05 	3.41971E-05 	3.43976E-05 	3.80172E-05 	3.97747E-05 	4.25383E-05 	4.36267E-05 	4.98394E-05 	5.27330E-05 	5.61685E-05 	5.77350E-05 	6.59744E-05 	7.47307E-05 	8.40601E-05 	7.83097E-05 	
2.61650E-05 	3.08513E-05 	3.11858E-05 	3.29667E-05 	3.40348E-05 	3.45213E-05 	3.96891E-05 	4.26702E-05 	4.43970E-05 	4.95016E-05 	5.09629E-05 	5.69707E-05 	6.24407E-05 	7.36847E-05 	7.40207E-05 	
2.50827E-05 	2.55369E-05 	2.81816E-05 	2.75955E-05 	3.06661E-05 	3.28643E-05 	3.34048E-05 	3.65012E-05 	3.83190E-05 	4.35484E-05 	4.24581E-05 	5.19558E-05 	5.56664E-05 	6.56230E-05 	6.55647E-05 	
2.10978E-05 	2.09890E-05 	2.35198E-05 	2.45053E-05 	2.60328E-05 	2.65887E-05 	2.87557E-05 	3.14232E-05 	3.55655E-05 	3.83977E-05 	4.00250E-05 	4.29788E-05 	4.84063E-05 	5.60107E-05 	5.83186E-05 	
1.41782E-05 	1.60408E-05 	1.54543E-05 	1.75864E-05 	1.77074E-05 	2.05731E-05 	2.04616E-05 	2.27107E-05 	2.34810E-05 	2.58908E-05 	2.53760E-05 	3.20046E-05 	3.38653E-05 	3.69038E-05 	3.93994E-05 	
1.29922E-05 	1.45958E-05 	1.54482E-05 	1.61487E-05 	1.51270E-05 	1.62211E-05 	1.91839E-05 	2.05558E-05 	2.24298E-05 	2.47669E-05 	2.55552E-05 	2.84352E-05 	3.24049E-05 	3.66254E-05 	4.13895E-05 	
4.26962E-06 	4.73145E-06 	5.42460E-06 	4.82493E-06 	5.68902E-06 	5.64377E-06 	5.95548E-06 	6.25745E-06 	7.98953E-06 	7.93381E-06 	9.39814E-06 	9.88735E-06 	1.10698E-05 	1.29947E-05 	1.42530E-05 	
2.21167E-07 	6.84095E-08 	2.81579E-07 	2.22575E-07 	2.22723E-07 	2.22520E-07 	3.11418E-07 	4.33661E-07 	1.64995E-07 	3.86020E-07 	2.66839E-07 	4.35003E-07 	5.10307E-07 	5.86471E-07 	3.33978E-07 	
2.08444E-07 	3.28784E-07 	1.20402E-07 	2.61404E-07 	2.10579E-07 	3.68845E-07 	3.63215E-07 	4.03134E-07 	4.61337E-07 	7.32573E-07 	5.42983E-07 	3.28981E-07 	2.17223E-07 	2.53258E-07 	2.04799E-07 	
2.17056E-07 	2.14101E-07 	2.63160E-07 	2.74264E-07 	2.03938E-07 	2.24891E-07 	3.74525E-07 	4.06820E-07 	5.44070E-07 	4.94967E-07 	1.92444E-07 	6.72445E-07 	6.02797E-07 	5.20291E-07 	3.12912E-07 	
3.16537E-07 	1.43847E-07 	2.09785E-07 	2.71675E-07 	2.71677E-07 	2.40419E-07 	1.81169E-07 	3.38135E-07 	1.81214E-07 	3.11148E-07 	5.17531E-07 	2.76077E-07 	1.23743E-07 	4.40191E-07 	2.43571E-07 	
9.10845E-08 	2.82044E-07 	2.39076E-07 	2.73330E-07 	1.04271E-07 	2.97706E-07 	2.73106E-07 	3.25184E-07 	5.55837E-07 	6.28605E-07 	2.83480E-07 	5.45836E-07 	5.53905E-07 	5.98048E-07 	3.19895E-07 	
2.74452E-07 	4.95366E-08 	3.37355E-07 	2.32953E-07 	1.95451E-07 	2.19083E-07 	5.13663E-07 	3.77231E-07 	4.45177E-07 	2.91963E-07 	5.33687E-07 	5.03673E-07 	2.71662E-07 	3.28116E-07 	3.08692E-07 	
1.11926E-07 	1.81221E-07 	1.25254E-07 	1.38271E-07 	2.06744E-07 	2.73300E-07 	1.95837E-07 	4.28405E-07 	3.89693E-07 	3.72001E-07 	3.37843E-07 	1.94779E-07 	5.16851E-07 	4.65194E-07 	2.30213E-07 	
2.60509E-07 	2.61658E-07 	3.97149E-07 	2.10821E-07 	1.60158E-07 	1.85000E-07 	4.47776E-07 	4.75705E-07 	4.53018E-07 	4.44560E-07 	3.99613E-07 	5.70523E-07 	5.62822E-07 	4.02779E-07 	2.25872E-07 	
9.43668E-08 	7.00385E-08 	1.68610E-07 	3.02840E-07 	1.84000E-07 	3.02775E-07 	1.21349E-07 	1.87859E-07 	4.10271E-07 	4.46406E-07 	5.26149E-07 	2.01206E-07 	2.66107E-07 	4.30259E-07 	3.42062E-07 	
2.09497E-07 	1.99108E-07 	2.65657E-07 	1.49987E-07 	2.39486E-07 	2.58047E-07 	3.59968E-07 	2.53719E-07 	4.05743E-07 	3.90414E-07 	5.60951E-07 	3.77939E-07 	7.04248E-07 	4.37883E-07 	3.06659E-07 	
0.00000E+00 	3.26680E-07 	1.74027E-07 	2.71357E-07 	2.85235E-07 	1.53990E-07 	5.03672E-07 	5.55566E-07 	3.71701E-07 	5.09723E-07 	4.20707E-07 	4.08022E-07 	6.50093E-07 	6.21600E-07 	3.25809E-07 	
1.53823E-07 	1.53755E-07 	3.69724E-07 	1.27857E-07 	5.13216E-08 	1.53686E-07 	2.37940E-07 	2.72804E-07 	3.08827E-07 	4.75705E-07 	5.97829E-07 	2.86957E-07 	5.19062E-07 	4.61291E-07 	4.72008E-07 	
2.05872E-07 	2.74405E-07 	2.74480E-07 	4.90490E-07 	5.66628E-07 	2.57282E-07 	3.13362E-07 	4.51261E-07 	4.20888E-07 	5.34088E-07 	7.47017E-07 	4.01743E-07 	8.31981E-07 	7.74211E-07 	3.08868E-07 	
4.88767E-08 	1.78745E-07 	1.98231E-07 	2.11903E-07 	1.58408E-07 	2.73705E-07 	4.07060E-07 	3.22314E-07 	4.96639E-07 	4.38276E-07 	3.78601E-07 	3.47783E-07 	4.85393E-07 	5.09758E-07 	6.30176E-07 	
1.18339E-07 	2.94400E-07 	3.00653E-07 	3.09512E-07 	1.32375E-07 	4.34780E-07 	3.69737E-07 	4.36391E-07 	1.94855E-07 	3.95142E-07 	6.50149E-07 	5.01024E-07 	8.25404E-07 	4.83768E-07 	4.93713E-07 	
7.34884E-08 	1.34208E-07 	3.66428E-07 	4.18474E-07 	3.14200E-07 	2.19801E-07 	3.19202E-07 	4.78153E-07 	3.93596E-07 	3.98161E-07 	5.39314E-07 	6.77225E-07 	3.90478E-07 	5.70411E-07 	4.54965E-07 	
7.42059E-08 	3.15590E-07 	2.47357E-07 	3.62715E-07 	6.52441E-08 	1.05350E-07 	2.03497E-07 	4.22830E-07 	3.42961E-07 	3.25878E-07 	6.37487E-07 	4.20818E-07 	7.36737E-07 	8.97428E-07 	8.14595E-07 	
1.55181E-08 	2.07741E-07 	3.08961E-07 	3.63249E-07 	2.11318E-07 	4.34882E-07 	5.10475E-07 	3.47023E-07 	3.76936E-07 	4.76016E-07 	6.31738E-07 	5.00599E-07 	6.44145E-07 	4.37995E-07 	4.23295E-07 	
1.25747E-07 	1.06386E-07 	2.12537E-07 	4.00783E-07 	4.20553E-07 	8.18751E-08 	3.24581E-07 	2.57737E-07 	5.46176E-07 	3.20206E-07 	4.47693E-07 	7.51473E-07 	4.48929E-07 	6.39337E-07 	7.04929E-07 	
2.08674E-07 	2.29397E-07 	4.53392E-07 	5.17562E-07 	1.03647E-07 	4.10735E-07 	3.73957E-07 	8.57158E-07 	3.06959E-07 	2.96953E-07 	6.26620E-07 	8.35898E-07 	6.38842E-07 	1.26212E-06 	1.13372E-06 	
5.37154E-08 	1.60841E-07 	1.07559E-07 	1.07205E-07 	1.07383E-07 	1.07389E-07 	5.36154E-08 	5.36730E-08 	1.61204E-07 	2.14767E-07 	1.07334E-07 	2.68663E-07 	1.07388E-07 	1.07528E-07 	1.07193E-07 	
3.90989E-07 	3.54893E-07 	8.58789E-07 	9.74936E-07 	7.92218E-07 	6.11305E-07 	7.27997E-07 	1.28638E-06 	1.02867E-06 	1.08452E-06 	1.62489E-06 	1.70590E-06 	1.41524E-06 	2.42796E-06 	2.46045E-06 	
