  0.000000000000000E+000  0.000000000000000E+000
   10.0000000000000       0.000000000000000E+000
   20.0000000000000       0.000000000000000E+000
   30.0000000000000       0.000000000000000E+000
   40.0000000000000       0.000000000000000E+000
   50.0000000000000       0.000000000000000E+000
   60.0000000000000       0.000000000000000E+000
   70.0000000000000       0.000000000000000E+000
   80.0000000000000       0.000000000000000E+000
   90.0000000000000       0.000000000000000E+000
   100.000000000000       0.000000000000000E+000
   110.000000000000       0.000000000000000E+000
   120.000000000000       0.000000000000000E+000
   130.000000000000       4.925027529279516E-005
   140.000000000000       2.892359406419553E-004
   150.000000000000       6.930088725059024E-004
   160.000000000000       1.229899492379406E-003
   170.000000000000       1.876588007308995E-003
   180.000000000000       2.615035452939631E-003
   190.000000000000       3.431072901578413E-003
   200.000000000000       4.313416548466948E-003
   210.000000000000       5.252970112223890E-003
   220.000000000000       6.242314584072190E-003
   230.000000000000       7.275338408263047E-003
   240.000000000000       8.346956432797745E-003
   250.000000000000       9.452901203602560E-003
   260.000000000000       1.058956069344582E-002
   270.000000000000       1.175385499448793E-002
   280.000000000000       1.294313882858177E-002
   290.000000000000       1.415512203386142E-002
   300.000000000000       1.538781455170913E-002
   310.000000000000       1.663947174707496E-002
   320.000000000000       1.790855407014304E-002
   330.000000000000       1.919370477447162E-002
   340.000000000000       2.049371341182443E-002
   350.000000000000       2.180749560388684E-002
   360.000000000000       2.313408114499431E-002
   370.000000000000       2.447259409659890E-002
   380.000000000000       2.582223782299776E-002
   390.000000000000       2.718229284577094E-002
   400.000000000000       2.855210092890082E-002
   410.000000000000       2.993105968190696E-002
   420.000000000000       3.131861429716624E-002
   430.000000000000       3.271425796610423E-002
   440.000000000000       3.411751707393820E-002
   450.000000000000       3.552795977500156E-002
   460.000000000000       3.694518086297265E-002
   470.000000000000       3.836880396175774E-002
   480.000000000000       3.979847736821818E-002
   490.000000000000       4.123387534154522E-002
   500.000000000000       4.267469185938268E-002
   510.000000000000       4.412063884288810E-002
   520.000000000000       4.557144616157913E-002
   530.000000000000       4.702686002867910E-002
   540.000000000000       4.848663807971371E-002
   550.000000000000       4.995056365861544E-002
   560.000000000000       5.141841459253826E-002
   570.000000000000       5.288998796565764E-002
   580.000000000000       5.436510073388167E-002
   590.000000000000       5.584356873745800E-002
   600.000000000000       5.732521805316518E-002
   610.000000000000       5.880988560937708E-002
   620.000000000000       6.029741287936562E-002
   630.000000000000       6.178765960751578E-002
   640.000000000000       6.328048072454311E-002
   650.000000000000       6.477574299865792E-002
   660.000000000000       6.627331754889440E-002
   670.000000000000       6.777308202700212E-002
   680.000000000000       6.927491211468079E-002
   690.000000000000       7.077871070055984E-002
   700.000000000000       7.228436077314153E-002
   710.000000000000       7.379176620556310E-002
   720.000000000000       7.530082126284875E-002
   730.000000000000       7.681143928739481E-002
   740.000000000000       7.832352713931975E-002
   750.000000000000       7.983699916065960E-002
   760.000000000000       8.135176687409534E-002
   770.000000000000       8.286776160854882E-002
   780.000000000000       8.438490433261990E-002
   790.000000000000       8.590312207275930E-002
   800.000000000000       8.742233200719694E-002
   810.000000000000       8.894248756814387E-002
   820.000000000000       9.046350352281392E-002
   830.000000000000       9.198532666696911E-002
   840.000000000000       9.350789933935255E-002
   850.000000000000       9.503115050619049E-002
   860.000000000000       9.655505701649708E-002
   870.000000000000       9.807952156604303E-002
   880.000000000000       9.960451917045039E-002
   890.000000000000       0.101129995237574     
   900.000000000000       0.102655906225277     
   910.000000000000       0.104182205703713     
   920.000000000000       0.105708828167667     
   930.000000000000       0.107235744424292     
   940.000000000000       0.108762921592852     
   950.000000000000       0.110290329063410     
   960.000000000000       0.111817897732072     
   970.000000000000       0.113345607415734     
   980.000000000000       0.114873420515990     
   990.000000000000       0.116401297794984     
   1000.00000000000       0.117929210497979     
   1010.00000000000       0.119457149618521     
   1020.00000000000       0.120985035667206     
   1030.00000000000       0.122512866352615     
   1040.00000000000       0.124040620878046     
   1050.00000000000       0.125568246571460     
   1060.00000000000       0.127095729678247     
   1070.00000000000       0.128623049770252     
   1080.00000000000       0.130150183991379     
   1090.00000000000       0.131677091314945     
   1100.00000000000       0.133515366453768     
   1110.00000000000       0.136938303281104     
   1120.00000000000       0.139775475636042     
   1130.00000000000       0.143288972448066     
   1140.00000000000       0.146849953933458     
   1150.00000000000       0.149154985770244     
   1160.00000000000       0.152141204942078     
   1170.00000000000       0.155828738910981     
   1180.00000000000       0.158219753720429     
   1190.00000000000       0.161991063307603     
   1200.00000000000       0.165124983414299     
   1210.00000000000       0.167602131021481     
   1220.00000000000       0.171497951219470     
   1230.00000000000       0.174736798665456     
   1240.00000000000       0.177300030878909     
   1250.00000000000       0.180602411652408     
