  0.000000000000000E+000  0.000000000000000E+000
   10.0000000000000       0.000000000000000E+000
   20.0000000000000       0.000000000000000E+000
   30.0000000000000       0.000000000000000E+000
   40.0000000000000       0.000000000000000E+000
   50.0000000000000       0.000000000000000E+000
   60.0000000000000       0.000000000000000E+000
   70.0000000000000       0.000000000000000E+000
   80.0000000000000       0.000000000000000E+000
   90.0000000000000       0.000000000000000E+000
   100.000000000000       0.000000000000000E+000
   110.000000000000       0.000000000000000E+000
   120.000000000000       0.000000000000000E+000
   130.000000000000       0.000000000000000E+000
   140.000000000000       0.000000000000000E+000
   150.000000000000       0.000000000000000E+000
   160.000000000000       0.000000000000000E+000
   170.000000000000       0.000000000000000E+000
   180.000000000000       0.000000000000000E+000
   190.000000000000       0.000000000000000E+000
   200.000000000000       0.000000000000000E+000
   210.000000000000       0.000000000000000E+000
   220.000000000000       0.000000000000000E+000
   230.000000000000       0.000000000000000E+000
   240.000000000000       0.000000000000000E+000
   250.000000000000       0.000000000000000E+000
   260.000000000000       0.000000000000000E+000
   270.000000000000       0.000000000000000E+000
   280.000000000000       0.000000000000000E+000
   290.000000000000       0.000000000000000E+000
   300.000000000000       0.000000000000000E+000
   310.000000000000       0.000000000000000E+000
   320.000000000000       0.000000000000000E+000
   330.000000000000       0.000000000000000E+000
   340.000000000000       0.000000000000000E+000
   350.000000000000       0.000000000000000E+000
   360.000000000000       0.000000000000000E+000
   370.000000000000       0.000000000000000E+000
   380.000000000000       0.000000000000000E+000
   390.000000000000       0.000000000000000E+000
   400.000000000000       0.000000000000000E+000
   410.000000000000       0.000000000000000E+000
   420.000000000000       0.000000000000000E+000
   430.000000000000       0.000000000000000E+000
   440.000000000000       0.000000000000000E+000
   450.000000000000       0.000000000000000E+000
   460.000000000000       0.000000000000000E+000
   470.000000000000       0.000000000000000E+000
   480.000000000000       0.000000000000000E+000
   490.000000000000       0.000000000000000E+000
   500.000000000000       0.000000000000000E+000
   510.000000000000       0.000000000000000E+000
   520.000000000000       0.000000000000000E+000
   530.000000000000       0.000000000000000E+000
   540.000000000000       0.000000000000000E+000
   550.000000000000       0.000000000000000E+000
   560.000000000000       0.000000000000000E+000
   570.000000000000       0.000000000000000E+000
   580.000000000000       0.000000000000000E+000
   590.000000000000       0.000000000000000E+000
   600.000000000000       0.000000000000000E+000
   610.000000000000       0.000000000000000E+000
   620.000000000000       0.000000000000000E+000
   630.000000000000       0.000000000000000E+000
   640.000000000000       0.000000000000000E+000
   650.000000000000       0.000000000000000E+000
   660.000000000000       0.000000000000000E+000
   670.000000000000       0.000000000000000E+000
   680.000000000000       0.000000000000000E+000
   690.000000000000       0.000000000000000E+000
   700.000000000000       0.000000000000000E+000
   710.000000000000       0.000000000000000E+000
   720.000000000000       0.000000000000000E+000
   730.000000000000       0.000000000000000E+000
   740.000000000000       0.000000000000000E+000
   750.000000000000       0.000000000000000E+000
   760.000000000000       0.000000000000000E+000
   770.000000000000       0.000000000000000E+000
   780.000000000000       0.000000000000000E+000
   790.000000000000       0.000000000000000E+000
   800.000000000000       0.000000000000000E+000
   810.000000000000       0.000000000000000E+000
   820.000000000000       0.000000000000000E+000
   830.000000000000       0.000000000000000E+000
   840.000000000000       1.865617860598247E-007
   850.000000000000       7.915803215204215E-007
   860.000000000000       1.839756843609266E-006
   870.000000000000       3.351756150943672E-006
   880.000000000000       5.349099288591675E-006
   890.000000000000       7.849486585015504E-006
   900.000000000000       1.087046111530991E-005
   910.000000000000       1.442784638157741E-005
   920.000000000000       1.853620984213342E-005
   930.000000000000       2.320886469206724E-005
   940.000000000000       2.845801329204897E-005
   950.000000000000       3.429474656378334E-005
   960.000000000000       4.072920535759471E-005
   970.000000000000       4.777051140701390E-005
   980.000000000000       5.542694142951957E-005
   990.000000000000       6.370588595811468E-005
   1000.00000000000       7.261401900782496E-005
   1010.00000000000       8.215719633874124E-005
   1020.00000000000       9.234058750546676E-005
   1030.00000000000       1.031687653145941E-004
   1040.00000000000       1.146456335032667E-004
   1050.00000000000       1.267744873579503E-004
   1060.00000000000       1.395581279615647E-004
   1070.00000000000       1.529988372928526E-004
   1080.00000000000       1.670983986934435E-004
   1090.00000000000       1.818582292978245E-004
   1100.00000000000       1.972791488044789E-004
   1110.00000000000       2.133616324125284E-004
   1120.00000000000       2.301059432765947E-004
   1130.00000000000       2.475118633795019E-004
   1140.00000000000       2.655787389127096E-004
   1150.00000000000       2.843058988142253E-004
   1160.00000000000       3.036921024921904E-004
   1170.00000000000       3.237359046404865E-004
   1180.00000000000       3.444358506412760E-004
   1190.00000000000       3.657897782308645E-004
   1200.00000000000       3.877957708767037E-004
   1210.00000000000       4.104515330241609E-004
   1220.00000000000       4.337543732787778E-004
   1230.00000000000       4.577017339807547E-004
   1240.00000000000       4.822906818278589E-004
   1250.00000000000       5.075184611329428E-004
