0.00000E+00 	0.00000E+00 	0.00000E+00 	0.00000E+00 	0.00000E+00 	0.00000E+00 	0.00000E+00 	0.00000E+00 	0.00000E+00 	0.00000E+00 	0.00000E+00 	0.00000E+00 	0.00000E+00 	0.00000E+00 	0.00000E+00 	
6.17133E-07 	7.32475E-07 	7.95674E-07 	8.42147E-07 	8.71827E-07 	8.99381E-07 	9.21926E-07 	9.27485E-07 	9.30597E-07 	9.31591E-07 	9.14781E-07 	8.81051E-07 	8.25289E-07 	7.38731E-07 	5.34253E-07 	
1.22851E-06 	1.47832E-06 	1.61257E-06 	1.71321E-06 	1.76665E-06 	1.82938E-06 	1.87450E-06 	1.89013E-06 	1.90075E-06 	1.89524E-06 	1.86249E-06 	1.78747E-06 	1.68085E-06 	1.49966E-06 	1.07520E-06 	
1.67674E-06 	2.05527E-06 	2.25004E-06 	2.39043E-06 	2.47751E-06 	2.57304E-06 	2.63040E-06 	2.64917E-06 	2.66674E-06 	2.66195E-06 	2.62010E-06 	2.50975E-06 	2.36535E-06 	2.09489E-06 	1.48076E-06 	
2.07680E-06 	2.60064E-06 	2.86566E-06 	3.04326E-06 	3.15127E-06 	3.27014E-06 	3.35218E-06 	3.37227E-06 	3.40430E-06 	3.39658E-06 	3.33342E-06 	3.21191E-06 	3.00836E-06 	2.67508E-06 	1.85618E-06 	
2.38421E-06 	3.05029E-06 	3.40204E-06 	3.59548E-06 	3.73572E-06 	3.87132E-06 	3.94645E-06 	4.01291E-06 	4.02820E-06 	4.02969E-06 	3.95119E-06 	3.82665E-06 	3.55661E-06 	3.17129E-06 	2.16704E-06 	
2.72154E-06 	3.51371E-06 	3.95488E-06 	4.18425E-06 	4.34670E-06 	4.51570E-06 	4.59640E-06 	4.67661E-06 	4.70117E-06 	4.73577E-06 	4.60839E-06 	4.46390E-06 	4.13787E-06 	3.69155E-06 	2.49472E-06 	
3.01748E-06 	3.96513E-06 	4.45060E-06 	4.74338E-06 	4.96390E-06 	5.14128E-06 	5.23607E-06 	5.33608E-06 	5.33618E-06 	5.40789E-06 	5.22525E-06 	5.07629E-06 	4.68380E-06 	4.19691E-06 	2.81731E-06 	
3.31567E-06 	4.47076E-06 	5.01752E-06 	5.36291E-06 	5.59429E-06 	5.81154E-06 	5.93074E-06 	6.04733E-06 	6.09254E-06 	6.10744E-06 	5.93775E-06 	5.73503E-06 	5.29444E-06 	4.75178E-06 	3.16284E-06 	
3.51007E-06 	4.78219E-06 	5.38416E-06 	5.80341E-06 	6.03893E-06 	6.26274E-06 	6.41712E-06 	6.53242E-06 	6.51777E-06 	6.60646E-06 	6.39141E-06 	6.17759E-06 	5.69601E-06 	5.10333E-06 	3.35451E-06 	
3.81357E-06 	5.23402E-06 	5.92300E-06 	6.33042E-06 	6.64150E-06 	6.90470E-06 	7.12701E-06 	7.23087E-06 	7.17836E-06 	7.28288E-06 	7.09490E-06 	6.76529E-06 	6.26710E-06 	5.56990E-06 	3.64041E-06 	
4.03280E-06 	5.66180E-06 	6.39801E-06 	6.90476E-06 	7.27721E-06 	7.54308E-06 	7.71659E-06 	7.91073E-06 	7.85070E-06 	7.93436E-06 	7.70980E-06 	7.34121E-06 	6.82851E-06 	6.08075E-06 	3.95653E-06 	
4.25960E-06 	6.01024E-06 	6.89712E-06 	7.42632E-06 	7.86068E-06 	8.13508E-06 	8.35257E-06 	8.47800E-06 	8.39897E-06 	8.57238E-06 	8.29761E-06 	7.85166E-06 	7.34198E-06 	6.52953E-06 	4.20252E-06 	
4.51766E-06 	6.37009E-06 	7.36191E-06 	7.86033E-06 	8.34508E-06 	8.70336E-06 	8.92651E-06 	9.05017E-06 	9.01162E-06 	9.14335E-06 	8.85750E-06 	8.42201E-06 	7.83328E-06 	6.94680E-06 	4.46335E-06 	
4.77386E-06 	6.83084E-06 	7.83248E-06 	8.41894E-06 	8.91762E-06 	9.25057E-06 	9.52838E-06 	9.73432E-06 	9.68052E-06 	9.75701E-06 	9.51315E-06 	8.94347E-06 	8.34008E-06 	7.39516E-06 	4.76498E-06 	
5.10465E-06 	7.24961E-06 	8.34920E-06 	9.10008E-06 	9.50232E-06 	9.96832E-06 	1.02441E-05 	1.04674E-05 	1.03429E-05 	1.04372E-05 	1.02909E-05 	9.63706E-06 	8.93726E-06 	7.89521E-06 	5.12009E-06 	
5.30766E-06 	7.61321E-06 	8.85603E-06 	9.62861E-06 	1.00380E-05 	1.06435E-05 	1.09070E-05 	1.11668E-05 	1.09727E-05 	1.10643E-05 	1.08746E-05 	1.02410E-05 	9.50218E-06 	8.29185E-06 	5.37976E-06 	
5.42866E-06 	7.68929E-06 	8.92079E-06 	9.72019E-06 	1.01337E-05 	1.08061E-05 	1.09493E-05 	1.13071E-05 	1.11273E-05 	1.12632E-05 	1.10015E-05 	1.03443E-05 	9.61883E-06 	8.39215E-06 	5.36732E-06 	
5.82377E-06 	8.28226E-06 	9.54993E-06 	1.03550E-05 	1.09091E-05 	1.16227E-05 	1.17816E-05 	1.20993E-05 	1.20007E-05 	1.20508E-05 	1.17040E-05 	1.10930E-05 	1.02902E-05 	8.96044E-06 	5.76862E-06 	
6.20755E-06 	8.92248E-06 	1.03269E-05 	1.12385E-05 	1.17691E-05 	1.25252E-05 	1.26556E-05 	1.31471E-05 	1.29279E-05 	1.30733E-05 	1.26711E-05 	1.19401E-05 	1.11195E-05 	9.60912E-06 	6.29071E-06 	
6.04957E-06 	8.74241E-06 	1.01052E-05 	1.09712E-05 	1.17076E-05 	1.22363E-05 	1.24342E-05 	1.28948E-05 	1.27639E-05 	1.27725E-05 	1.24318E-05 	1.18225E-05 	1.08839E-05 	9.48292E-06 	6.16559E-06 	
6.74145E-06 	9.75978E-06 	1.11977E-05 	1.22089E-05 	1.31468E-05 	1.37719E-05 	1.39012E-05 	1.43614E-05 	1.42318E-05 	1.41667E-05 	1.39945E-05 	1.31776E-05 	1.21612E-05 	1.05821E-05 	6.90062E-06 	
6.58981E-06 	9.46167E-06 	1.07488E-05 	1.18440E-05 	1.27186E-05 	1.33240E-05 	1.35910E-05 	1.39164E-05 	1.38787E-05 	1.37398E-05 	1.36139E-05 	1.27146E-05 	1.18948E-05 	1.02554E-05 	6.79583E-06 	
7.45621E-06 	1.03970E-05 	1.19599E-05 	1.31632E-05 	1.41763E-05 	1.47705E-05 	1.51670E-05 	1.54365E-05 	1.53148E-05 	1.51655E-05 	1.50794E-05 	1.40563E-05 	1.31353E-05 	1.12447E-05 	7.57744E-06 	
7.17114E-06 	1.01783E-05 	1.16991E-05 	1.28414E-05 	1.38035E-05 	1.43707E-05 	1.48292E-05 	1.50296E-05 	1.49460E-05 	1.47468E-05 	1.48375E-05 	1.37133E-05 	1.27625E-05 	1.09322E-05 	7.40048E-06 	
7.90179E-06 	1.11912E-05 	1.27897E-05 	1.41387E-05 	1.53529E-05 	1.59347E-05 	1.63489E-05 	1.66398E-05 	1.63574E-05 	1.64184E-05 	1.63316E-05 	1.51223E-05 	1.41530E-05 	1.19844E-05 	8.17079E-06 	
7.51000E-06 	1.06351E-05 	1.22789E-05 	1.35455E-05 	1.46366E-05 	1.52522E-05 	1.57432E-05 	1.58750E-05 	1.57095E-05 	1.56676E-05 	1.57351E-05 	1.43621E-05 	1.36247E-05 	1.15642E-05 	7.91476E-06 	
8.59597E-06 	1.18223E-05 	1.38986E-05 	1.54059E-05 	1.64202E-05 	1.71937E-05 	1.76760E-05 	1.79623E-05 	1.78767E-05 	1.76037E-05 	1.77526E-05 	1.60833E-05 	1.54387E-05 	1.29333E-05 	8.87517E-06 	
8.07409E-06 	1.11105E-05 	1.30251E-05 	1.42378E-05 	1.55656E-05 	1.60085E-05 	1.65097E-05 	1.67224E-05 	1.67478E-05 	1.65814E-05 	1.66408E-05 	1.51314E-05 	1.42984E-05 	1.21789E-05 	8.34772E-06 	
9.11162E-06 	1.24930E-05 	1.46872E-05 	1.59951E-05 	1.73821E-05 	1.79273E-05 	1.84158E-05 	1.86334E-05 	1.87683E-05 	1.85260E-05 	1.85108E-05 	1.71193E-05 	1.58622E-05 	1.37055E-05 	9.35722E-06 	
8.88307E-06 	1.21744E-05 	1.45453E-05 	1.59571E-05 	1.70637E-05 	1.76908E-05 	1.82700E-05 	1.84288E-05 	1.84505E-05 	1.82684E-05 	1.81637E-05 	1.67907E-05 	1.56137E-05 	1.35853E-05 	9.17128E-06 	
9.19276E-06 	1.26511E-05 	1.46838E-05 	1.60701E-05 	1.73739E-05 	1.79652E-05 	1.87633E-05 	1.87291E-05 	1.86647E-05 	1.85660E-05 	1.84767E-05 	1.72768E-05 	1.57651E-05 	1.38584E-05 	9.38292E-06 	
1.01873E-05 	1.39494E-05 	1.58041E-05 	1.77040E-05 	1.88187E-05 	1.98470E-05 	2.05198E-05 	2.07717E-05 	2.03282E-05 	2.03983E-05 	2.01706E-05 	1.88627E-05 	1.75646E-05 	1.49750E-05 	1.03849E-05 	
9.33580E-06 	1.30135E-05 	1.49089E-05 	1.65143E-05 	1.75220E-05 	1.86282E-05 	1.89038E-05 	1.93238E-05 	1.91006E-05 	1.91516E-05 	1.86775E-05 	1.75256E-05 	1.62404E-05 	1.40051E-05 	9.73060E-06 	
1.04783E-05 	1.41025E-05 	1.61783E-05 	1.81133E-05 	1.90590E-05 	2.02772E-05 	2.03406E-05 	2.09533E-05 	2.08349E-05 	2.07996E-05 	2.03828E-05 	1.90758E-05 	1.74894E-05 	1.52211E-05 	1.05928E-05 	
1.11325E-05 	1.50937E-05 	1.71217E-05 	1.93326E-05 	2.02928E-05 	2.16503E-05 	2.16941E-05 	2.23017E-05 	2.23043E-05 	2.22469E-05 	2.12024E-05 	2.05145E-05 	1.85348E-05 	1.62096E-05 	1.13290E-05 	
1.02742E-05 	1.37004E-05 	1.58699E-05 	1.77615E-05 	1.84969E-05 	1.99188E-05 	2.00657E-05 	2.06335E-05 	2.07030E-05 	2.04563E-05 	1.96929E-05 	1.89419E-05 	1.71429E-05 	1.48004E-05 	1.05019E-05 	
1.12571E-05 	1.51274E-05 	1.74334E-05 	1.91482E-05 	2.02788E-05 	2.15334E-05 	2.19378E-05 	2.24493E-05 	2.24041E-05 	2.23693E-05 	2.14681E-05 	2.08518E-05 	1.85054E-05 	1.61912E-05 	1.15235E-05 	
1.22186E-05 	1.59016E-05 	1.85926E-05 	2.05075E-05 	2.15200E-05 	2.29491E-05 	2.32200E-05 	2.41205E-05 	2.37209E-05 	2.38566E-05 	2.28595E-05 	2.22101E-05 	1.96101E-05 	1.71180E-05 	1.22552E-05 	
1.13527E-05 	1.49330E-05 	1.74124E-05 	1.92037E-05 	2.03220E-05 	2.13424E-05 	2.19286E-05 	2.22612E-05 	2.21152E-05 	2.22453E-05 	2.15122E-05 	2.05718E-05 	1.85799E-05 	1.61481E-05 	1.14964E-05 	
1.20944E-05 	1.59026E-05 	1.82712E-05 	2.00409E-05 	2.12740E-05 	2.21695E-05 	2.31582E-05 	2.31508E-05 	2.35456E-05 	2.33549E-05 	2.25755E-05 	2.15329E-05 	1.94212E-05 	1.68824E-05 	1.20898E-05 	
1.33668E-05 	1.70986E-05 	2.00927E-05 	2.19835E-05 	2.29856E-05 	2.42810E-05 	2.52384E-05 	2.50355E-05 	2.56158E-05 	2.49383E-05 	2.46401E-05 	2.32237E-05 	2.11736E-05 	1.81898E-05 	1.31551E-05 	
1.33816E-05 	1.71968E-05 	1.99219E-05 	2.19789E-05 	2.30612E-05 	2.42125E-05 	2.50640E-05 	2.52088E-05 	2.54210E-05 	2.49786E-05 	2.45035E-05 	2.31389E-05 	2.11354E-05 	1.80598E-05 	1.32092E-05 	
1.26072E-05 	1.62102E-05 	1.86840E-05 	2.03875E-05 	2.15735E-05 	2.26127E-05 	2.34794E-05 	2.34782E-05 	2.39044E-05 	2.32853E-05 	2.30978E-05 	2.16109E-05 	1.97868E-05 	1.69197E-05 	1.21992E-05 	
1.40432E-05 	1.80056E-05 	2.07528E-05 	2.25403E-05 	2.39736E-05 	2.48167E-05 	2.61242E-05 	2.57916E-05 	2.59597E-05 	2.58002E-05 	2.54054E-05 	2.38548E-05 	2.17959E-05 	1.86656E-05 	1.35559E-05 	
1.49708E-05 	1.90361E-05 	2.20701E-05 	2.38105E-05 	2.53114E-05 	2.61784E-05 	2.72550E-05 	2.72502E-05 	2.75297E-05 	2.70919E-05 	2.69821E-05 	2.47218E-05 	2.25543E-05 	1.96286E-05 	1.44106E-05 	
1.46487E-05 	1.88119E-05 	2.12525E-05 	2.30417E-05 	2.47701E-05 	2.54091E-05 	2.68522E-05 	2.67453E-05 	2.70970E-05 	2.65872E-05 	2.60423E-05 	2.43049E-05 	2.20218E-05 	1.91124E-05 	1.42655E-05 	
1.39689E-05 	1.76385E-05 	2.03112E-05 	2.15451E-05 	2.34130E-05 	2.42001E-05 	2.56430E-05 	2.51981E-05 	2.55050E-05 	2.52622E-05 	2.47808E-05 	2.31222E-05 	2.12691E-05 	1.84377E-05 	1.33699E-05 	
1.54339E-05 	1.95309E-05 	2.27097E-05 	2.41333E-05 	2.59792E-05 	2.62399E-05 	2.82147E-05 	2.79533E-05 	2.80271E-05 	2.79779E-05 	2.74258E-05 	2.55927E-05 	2.36275E-05 	2.01232E-05 	1.48645E-05 	
1.61712E-05 	2.04590E-05 	2.34605E-05 	2.51710E-05 	2.67294E-05 	2.76084E-05 	2.95444E-05 	2.93995E-05 	2.95963E-05 	2.95693E-05 	2.84537E-05 	2.68650E-05 	2.43803E-05 	2.10204E-05 	1.54593E-05 	
1.62346E-05 	2.05322E-05 	2.34012E-05 	2.50075E-05 	2.68011E-05 	2.74023E-05 	2.88814E-05 	2.89561E-05 	2.91566E-05 	2.95433E-05 	2.76445E-05 	2.69549E-05 	2.39781E-05 	2.08440E-05 	1.56176E-05 	
1.49975E-05 	1.92528E-05 	2.16791E-05 	2.32912E-05 	2.50704E-05 	2.58978E-05 	2.67434E-05 	2.70731E-05 	2.72642E-05 	2.72456E-05 	2.59470E-05 	2.49279E-05 	2.26086E-05 	1.92902E-05 	1.45590E-05 	
1.67274E-05 	2.12668E-05 	2.43107E-05 	2.56446E-05 	2.72526E-05 	2.85308E-05 	2.92405E-05 	2.96945E-05 	2.97965E-05 	2.95758E-05 	2.84006E-05 	2.73571E-05 	2.50857E-05 	2.10924E-05 	1.60016E-05 	
1.81127E-05 	2.26757E-05 	2.54629E-05 	2.70880E-05 	2.87942E-05 	3.01005E-05 	3.05685E-05 	3.13139E-05 	3.15527E-05 	3.12659E-05 	2.98763E-05 	2.92856E-05 	2.61277E-05 	2.27087E-05 	1.71276E-05 	
1.82376E-05 	2.27975E-05 	2.58094E-05 	2.77079E-05 	2.92387E-05 	3.07089E-05 	3.06932E-05 	3.19301E-05 	3.18758E-05 	3.17112E-05 	3.03956E-05 	2.93846E-05 	2.64484E-05 	2.27710E-05 	1.75295E-05 	
1.72093E-05 	2.12778E-05 	2.43729E-05 	2.61608E-05 	2.70979E-05 	2.87340E-05 	2.90098E-05 	2.99609E-05 	2.94385E-05 	2.96650E-05 	2.85902E-05 	2.75655E-05 	2.50522E-05 	2.14651E-05 	1.62085E-05 	
1.76589E-05 	2.18001E-05 	2.45369E-05 	2.64973E-05 	2.75839E-05 	2.87759E-05 	2.95850E-05 	3.05968E-05 	3.06002E-05 	3.01351E-05 	2.89429E-05 	2.78984E-05 	2.50112E-05 	2.20327E-05 	1.67723E-05 	
1.90814E-05 	2.34029E-05 	2.64846E-05 	2.84413E-05 	2.95442E-05 	3.13553E-05 	3.22789E-05 	3.26137E-05 	3.27392E-05 	3.24444E-05 	3.12113E-05 	3.01944E-05 	2.73368E-05 	2.36966E-05 	1.80278E-05 	
1.95584E-05 	2.48164E-05 	2.72908E-05 	3.02172E-05 	3.03373E-05 	3.25124E-05 	3.35819E-05 	3.42182E-05 	3.39854E-05 	3.36112E-05 	3.26313E-05 	3.09811E-05 	2.78787E-05 	2.45286E-05 	1.85057E-05 	
1.99380E-05 	2.45077E-05 	2.73139E-05 	3.05550E-05 	3.05295E-05 	3.27021E-05 	3.33363E-05 	3.40125E-05 	3.46025E-05 	3.40112E-05 	3.24736E-05 	3.12718E-05 	2.80664E-05 	2.46296E-05 	1.88461E-05 	
1.85882E-05 	2.33253E-05 	2.56806E-05 	2.84545E-05 	2.83647E-05 	3.10972E-05 	3.15273E-05 	3.22188E-05 	3.23046E-05 	3.17359E-05 	3.05655E-05 	2.88268E-05 	2.64404E-05 	2.32394E-05 	1.79199E-05 	
1.92136E-05 	2.39826E-05 	2.63035E-05 	2.91430E-05 	2.94534E-05 	3.12475E-05 	3.21314E-05 	3.24285E-05 	3.22809E-05 	3.21137E-05 	3.14000E-05 	2.99489E-05 	2.71555E-05 	2.34153E-05 	1.80686E-05 	
2.05148E-05 	2.58195E-05 	2.89938E-05 	3.09327E-05 	3.20981E-05 	3.31150E-05 	3.41953E-05 	3.49709E-05 	3.51500E-05 	3.42173E-05 	3.37289E-05 	3.16584E-05 	2.92428E-05 	2.53786E-05 	1.96814E-05 	
2.14998E-05 	2.67315E-05 	3.01038E-05 	3.24758E-05 	3.33900E-05 	3.40564E-05 	3.59425E-05 	3.61664E-05 	3.66984E-05 	3.55212E-05 	3.53687E-05 	3.31018E-05 	3.07604E-05 	2.65165E-05 	2.07760E-05 	
2.13527E-05 	2.71044E-05 	3.07726E-05 	3.26496E-05 	3.41912E-05 	3.49934E-05 	3.65694E-05 	3.63466E-05 	3.68942E-05 	3.61248E-05 	3.60192E-05 	3.36293E-05 	3.04568E-05 	2.71350E-05 	2.09429E-05 	
2.09645E-05 	2.65073E-05 	3.00602E-05 	3.18519E-05 	3.28190E-05 	3.40682E-05 	3.52710E-05 	3.50336E-05 	3.59500E-05 	3.53181E-05 	3.41991E-05 	3.21813E-05 	2.99644E-05 	2.63054E-05 	2.01576E-05 	
1.95677E-05 	2.46155E-05 	2.85705E-05 	2.94784E-05 	3.12725E-05 	3.16510E-05 	3.33826E-05 	3.31309E-05 	3.41416E-05 	3.24326E-05 	3.25348E-05 	3.04073E-05 	2.75108E-05 	2.50618E-05 	1.87671E-05 	
2.13925E-05 	2.72592E-05 	3.10393E-05 	3.27003E-05 	3.41511E-05 	3.44048E-05 	3.63561E-05 	3.58300E-05 	3.67248E-05 	3.57169E-05 	3.54090E-05 	3.33239E-05 	3.05742E-05 	2.69259E-05 	2.07644E-05 	
2.21576E-05 	2.85990E-05 	3.22986E-05 	3.43530E-05 	3.55264E-05 	3.66939E-05 	3.77798E-05 	3.77349E-05 	3.80512E-05 	3.79273E-05 	3.72569E-05 	3.44446E-05 	3.17541E-05 	2.85842E-05 	2.22162E-05 	
2.33236E-05 	2.94905E-05 	3.29463E-05 	3.50564E-05 	3.65975E-05 	3.70865E-05 	3.83041E-05 	3.85993E-05 	3.83267E-05 	3.90956E-05 	3.87120E-05 	3.54659E-05 	3.25475E-05 	2.89891E-05 	2.29841E-05 	
2.37159E-05 	2.98443E-05 	3.32952E-05 	3.60199E-05 	3.69883E-05 	3.78644E-05 	3.93320E-05 	3.88498E-05 	3.90549E-05 	3.86829E-05 	3.90569E-05 	3.53589E-05 	3.28409E-05 	2.89827E-05 	2.36850E-05 	
2.27358E-05 	2.85418E-05 	3.18373E-05 	3.46770E-05 	3.54399E-05 	3.56479E-05 	3.68579E-05 	3.79519E-05 	3.71566E-05 	3.77118E-05 	3.69273E-05 	3.38881E-05 	3.20366E-05 	2.83617E-05 	2.26878E-05 	
2.16312E-05 	2.73498E-05 	3.00305E-05 	3.26799E-05 	3.40564E-05 	3.47042E-05 	3.56784E-05 	3.55291E-05 	3.55011E-05 	3.62761E-05 	3.44785E-05 	3.21038E-05 	3.03156E-05 	2.75298E-05 	2.13357E-05 	
2.38021E-05 	2.97794E-05 	3.27962E-05 	3.60663E-05 	3.65249E-05 	3.79029E-05 	3.85148E-05 	3.91614E-05 	3.84877E-05 	3.90978E-05 	3.75858E-05 	3.46869E-05 	3.30352E-05 	2.97845E-05 	2.30365E-05 	
2.49988E-05 	3.12535E-05 	3.45158E-05 	3.72487E-05 	3.85689E-05 	3.98922E-05 	4.01657E-05 	4.05507E-05 	4.02410E-05 	4.08553E-05 	3.85396E-05 	3.59651E-05 	3.43281E-05 	3.13570E-05 	2.38913E-05 	
2.63349E-05 	3.12081E-05 	3.53784E-05 	3.81336E-05 	3.93882E-05 	4.08982E-05 	4.10641E-05 	4.17170E-05 	4.11300E-05 	4.24214E-05 	3.98111E-05 	3.74533E-05 	3.51733E-05 	3.26812E-05 	2.40126E-05 	
2.69318E-05 	3.18888E-05 	3.55410E-05 	3.82358E-05 	3.97175E-05 	4.09424E-05 	4.09295E-05 	4.20447E-05 	4.19005E-05 	4.16114E-05 	4.02058E-05 	3.73564E-05 	3.56874E-05 	3.24266E-05 	2.45102E-05 	
2.63506E-05 	3.12617E-05 	3.49659E-05 	3.73025E-05 	3.92919E-05 	4.09383E-05 	4.04415E-05 	4.12292E-05 	4.14100E-05 	4.10349E-05 	3.90169E-05 	3.68565E-05 	3.54901E-05 	3.18437E-05 	2.40575E-05 	
2.50249E-05 	2.98723E-05 	3.22733E-05 	3.56771E-05 	3.69854E-05 	3.72100E-05 	3.79252E-05 	3.81554E-05 	3.84824E-05 	3.83741E-05 	3.68038E-05 	3.50141E-05 	3.33551E-05 	3.03893E-05 	2.25812E-05 	
2.63149E-05 	3.09399E-05 	3.45558E-05 	3.69548E-05 	3.95489E-05 	4.00520E-05 	4.11067E-05 	4.02655E-05 	4.10447E-05 	4.06188E-05 	3.89603E-05 	3.70792E-05 	3.49845E-05 	3.19579E-05 	2.35589E-05 	
2.71658E-05 	3.36954E-05 	3.59140E-05 	3.92493E-05 	4.10517E-05 	4.12989E-05 	4.24637E-05 	4.19409E-05 	4.27205E-05 	4.25572E-05 	3.98198E-05 	3.89527E-05 	3.75830E-05 	3.32655E-05 	2.51701E-05 	
2.89601E-05 	3.45036E-05 	3.69297E-05 	4.09010E-05 	4.34792E-05 	4.19786E-05 	4.40519E-05 	4.37059E-05 	4.48246E-05 	4.36515E-05 	4.17329E-05 	4.05541E-05 	3.81024E-05 	3.41791E-05 	2.64319E-05 	
2.92493E-05 	3.48822E-05 	3.84303E-05 	4.18914E-05 	4.35407E-05 	4.35771E-05 	4.49302E-05 	4.38501E-05 	4.53434E-05 	4.43151E-05 	4.24428E-05 	4.13895E-05 	3.92580E-05 	3.46087E-05 	2.68204E-05 	
3.03806E-05 	3.46944E-05 	3.89761E-05 	4.14599E-05 	4.43597E-05 	4.33009E-05 	4.46989E-05 	4.45305E-05 	4.51983E-05 	4.45450E-05 	4.29421E-05 	4.07627E-05 	3.96647E-05 	3.46198E-05 	2.73412E-05 	
2.96980E-05 	3.36731E-05 	3.83900E-05 	3.99287E-05 	4.26473E-05 	4.27753E-05 	4.40568E-05 	4.36849E-05 	4.30817E-05 	4.28844E-05 	4.23976E-05 	4.03600E-05 	3.83888E-05 	3.38592E-05 	2.59833E-05 	
2.81747E-05 	3.16639E-05 	3.68636E-05 	3.78859E-05 	4.00076E-05 	4.05329E-05 	4.14504E-05 	4.13933E-05 	4.12326E-05 	4.10921E-05 	3.96323E-05 	3.81764E-05 	3.58326E-05 	3.19399E-05 	2.53012E-05 	
2.96150E-05 	3.33667E-05 	3.83991E-05 	3.91759E-05 	4.19620E-05 	4.25677E-05 	4.38576E-05 	4.34920E-05 	4.25847E-05 	4.24844E-05 	4.17350E-05 	3.99226E-05 	3.77140E-05 	3.37149E-05 	2.59304E-05 	
3.08020E-05 	3.52151E-05 	3.97771E-05 	4.19152E-05 	4.40367E-05 	4.42989E-05 	4.57740E-05 	4.57405E-05 	4.51621E-05 	4.53487E-05 	4.35726E-05 	4.17139E-05 	3.97483E-05 	3.52262E-05 	2.75269E-05 	
3.23507E-05 	3.64420E-05 	4.08515E-05 	4.34073E-05 	4.57266E-05 	4.71073E-05 	4.74829E-05 	4.76193E-05 	4.65267E-05 	4.64017E-05 	4.40810E-05 	4.41669E-05 	4.07785E-05 	3.63624E-05 	2.75475E-05 	
3.27209E-05 	3.77947E-05 	4.19579E-05 	4.43388E-05 	4.57631E-05 	4.85672E-05 	4.74892E-05 	4.80589E-05 	4.68009E-05 	4.77864E-05 	4.50508E-05 	4.54182E-05 	4.12753E-05 	3.67395E-05 	2.83398E-05 	
3.30714E-05 	3.75116E-05 	4.17164E-05 	4.41012E-05 	4.65511E-05 	4.80699E-05 	4.93625E-05 	4.95800E-05 	4.75000E-05 	4.78819E-05 	4.55302E-05 	4.45792E-05 	4.18750E-05 	3.81602E-05 	2.85159E-05 	
3.31778E-05 	3.88489E-05 	4.17019E-05 	4.48415E-05 	4.69403E-05 	4.82657E-05 	4.86276E-05 	4.89145E-05 	4.67141E-05 	4.79590E-05 	4.62674E-05 	4.55565E-05 	4.11439E-05 	3.76875E-05 	2.87746E-05 	
3.26484E-05 	3.69517E-05 	4.11901E-05 	4.41803E-05 	4.65373E-05 	4.75369E-05 	4.72246E-05 	4.79846E-05 	4.66740E-05 	4.54470E-05 	4.54546E-05 	4.42831E-05 	3.94962E-05 	3.67064E-05 	2.83311E-05 	
2.96290E-05 	3.52318E-05 	3.75638E-05 	3.96323E-05 	4.35331E-05 	4.40553E-05 	4.44606E-05 	4.43317E-05 	4.29369E-05 	4.30517E-05 	4.16191E-05 	4.16580E-05 	3.72092E-05 	3.37047E-05 	2.61912E-05 	
3.34014E-05 	3.78962E-05 	4.22120E-05 	4.55610E-05 	4.68635E-05 	4.73943E-05 	4.89117E-05 	4.79556E-05 	4.63244E-05 	4.77112E-05 	4.51552E-05 	4.55219E-05 	4.11803E-05 	3.72804E-05 	2.94747E-05 	
3.38951E-05 	3.95857E-05 	4.33829E-05 	4.55275E-05 	4.90729E-05 	4.95076E-05 	4.97921E-05 	4.94601E-05 	4.91442E-05 	4.78395E-05 	4.73737E-05 	4.62203E-05 	4.25935E-05 	3.70056E-05 	3.03708E-05 	
3.49024E-05 	4.17018E-05 	4.43268E-05 	4.71390E-05 	4.87888E-05 	5.21018E-05 	5.14003E-05 	5.14528E-05 	4.92812E-05 	4.98630E-05 	4.88160E-05 	4.77107E-05 	4.47886E-05 	3.86585E-05 	3.12172E-05 	
3.52827E-05 	4.13801E-05 	4.54529E-05 	4.75076E-05 	4.99081E-05 	5.24473E-05 	5.20698E-05 	5.16427E-05 	5.02502E-05 	4.98410E-05 	4.79117E-05 	4.87516E-05 	4.47013E-05 	3.88471E-05 	3.25286E-05 	
3.59662E-05 	4.26956E-05 	4.71076E-05 	4.80440E-05 	5.06597E-05 	5.34020E-05 	5.37327E-05 	5.15830E-05 	5.26801E-05 	5.18493E-05 	4.92715E-05 	4.94574E-05 	4.56713E-05 	3.99495E-05 	3.22355E-05 	
3.68497E-05 	4.21877E-05 	4.71709E-05 	4.93136E-05 	5.09512E-05 	5.31108E-05 	5.27348E-05 	5.26280E-05 	5.03750E-05 	5.10319E-05 	4.99760E-05 	4.90967E-05 	4.60258E-05 	3.97992E-05 	3.25403E-05 	
3.47287E-05 	4.20776E-05 	4.57057E-05 	4.73019E-05 	4.87654E-05 	5.17523E-05 	5.10502E-05 	5.04885E-05 	4.97855E-05 	4.96074E-05 	4.86958E-05 	4.73537E-05 	4.50994E-05 	3.81814E-05 	3.14525E-05 	
3.43586E-05 	3.97034E-05 	4.32187E-05 	4.52208E-05 	4.51647E-05 	4.99113E-05 	4.89367E-05 	4.84922E-05 	4.72731E-05 	4.77783E-05 	4.62571E-05 	4.50620E-05 	4.20524E-05 	3.65171E-05 	3.01972E-05 	
3.52153E-05 	4.04691E-05 	4.45805E-05 	4.75445E-05 	4.67208E-05 	5.09763E-05 	5.01875E-05 	5.02315E-05 	4.84696E-05 	4.78636E-05 	4.75587E-05 	4.80279E-05 	4.44321E-05 	3.76234E-05 	3.10432E-05 	
3.79349E-05 	4.26028E-05 	4.73387E-05 	5.04206E-05 	4.91413E-05 	5.34601E-05 	5.24555E-05 	5.09318E-05 	5.18969E-05 	5.14781E-05 	5.02395E-05 	4.83166E-05 	4.62487E-05 	3.99248E-05 	3.21577E-05 	
3.80977E-05 	4.53232E-05 	4.79144E-05 	5.11202E-05 	5.27291E-05 	5.45511E-05 	5.35191E-05 	5.39864E-05 	5.34820E-05 	5.21890E-05 	5.17537E-05 	5.10233E-05 	4.70517E-05 	4.06023E-05 	3.38925E-05 	
3.87679E-05 	4.53128E-05 	4.97335E-05 	5.23471E-05 	5.22965E-05 	5.51753E-05 	5.53687E-05 	5.47654E-05 	5.38801E-05 	5.43424E-05 	5.25709E-05 	4.97760E-05 	4.84507E-05 	4.33661E-05 	3.39272E-05 	
3.87814E-05 	4.74354E-05 	4.97331E-05 	5.29046E-05 	5.41573E-05 	5.63791E-05 	5.65621E-05 	5.52124E-05 	5.47199E-05 	5.38443E-05 	5.37162E-05 	5.18946E-05 	4.91945E-05 	4.27552E-05 	3.40548E-05 	
3.95279E-05 	4.72847E-05 	4.94879E-05 	5.52900E-05 	5.50662E-05 	5.51807E-05 	5.58746E-05 	5.70754E-05 	5.56507E-05 	5.54386E-05 	5.37964E-05 	5.20223E-05 	4.79658E-05 	4.44848E-05 	3.39858E-05 	
4.06842E-05 	4.82897E-05 	5.06187E-05 	5.46751E-05 	5.52323E-05 	5.60207E-05 	5.71316E-05 	5.74326E-05 	5.64724E-05 	5.43276E-05 	5.45330E-05 	5.24913E-05 	4.93254E-05 	4.38991E-05 	3.51894E-05 	
3.91336E-05 	4.68260E-05 	4.87888E-05 	5.27554E-05 	5.28569E-05 	5.53696E-05 	5.50563E-05 	5.43309E-05 	5.52087E-05 	5.25973E-05 	5.24659E-05 	5.04196E-05 	4.75553E-05 	4.42048E-05 	3.30243E-05 	
3.84303E-05 	4.43167E-05 	4.76834E-05 	5.18534E-05 	5.07832E-05 	5.22215E-05 	5.39212E-05 	5.26285E-05 	5.33057E-05 	5.15269E-05 	5.03919E-05 	4.88432E-05 	4.50143E-05 	4.07818E-05 	3.25302E-05 	
3.91793E-05 	4.62966E-05 	4.63617E-05 	5.24227E-05 	5.21807E-05 	5.32971E-05 	5.41673E-05 	5.26930E-05 	5.32108E-05 	5.10689E-05 	5.15881E-05 	4.90685E-05 	4.71730E-05 	4.12658E-05 	3.29387E-05 	
4.12282E-05 	4.76110E-05 	5.09534E-05 	5.32027E-05 	5.62789E-05 	5.68105E-05 	5.79202E-05 	5.53929E-05 	5.67610E-05 	5.53130E-05 	5.39826E-05 	5.11568E-05 	4.88388E-05 	4.53169E-05 	3.33585E-05 	
4.19873E-05 	4.86065E-05 	5.12577E-05 	5.58609E-05 	5.58081E-05 	5.79771E-05 	5.92116E-05 	5.62936E-05 	5.78022E-05 	5.53697E-05 	5.59152E-05 	5.37867E-05 	5.04097E-05 	4.53978E-05 	3.58122E-05 	
4.30746E-05 	5.07030E-05 	5.36373E-05 	5.72710E-05 	5.77682E-05 	6.04490E-05 	5.94054E-05 	5.86490E-05 	6.03806E-05 	5.85625E-05 	5.75932E-05 	5.36271E-05 	5.12848E-05 	4.70659E-05 	3.48030E-05 	
4.33240E-05 	5.04452E-05 	5.40503E-05 	5.84842E-05 	5.88962E-05 	6.04791E-05 	6.06516E-05 	5.91481E-05 	5.85456E-05 	5.90190E-05 	5.79566E-05 	5.57965E-05 	5.11499E-05 	4.85812E-05 	3.66595E-05 	
4.68046E-05 	5.21544E-05 	5.46484E-05 	5.89153E-05 	6.07305E-05 	6.17658E-05 	6.03208E-05 	6.02242E-05 	6.18854E-05 	5.99803E-05 	5.78440E-05 	5.52589E-05 	5.33084E-05 	4.86242E-05 	3.69460E-05 	
4.47880E-05 	5.11289E-05 	5.52700E-05 	5.86676E-05 	5.94078E-05 	6.19371E-05 	6.01884E-05 	6.13959E-05 	6.02783E-05 	5.94884E-05 	5.88972E-05 	5.60082E-05 	5.35463E-05 	4.84234E-05 	3.67430E-05 	
4.74697E-05 	5.17143E-05 	5.54737E-05 	5.86647E-05 	6.01723E-05 	6.18495E-05 	6.23460E-05 	6.04034E-05 	6.12163E-05 	6.10232E-05 	5.79769E-05 	5.55598E-05 	5.18185E-05 	4.89363E-05 	3.68672E-05 	
4.48544E-05 	5.13123E-05 	5.39206E-05 	5.95041E-05 	5.94970E-05 	6.01808E-05 	5.98380E-05 	6.08429E-05 	5.98761E-05 	5.72057E-05 	5.93115E-05 	5.50051E-05 	5.38470E-05 	4.77487E-05 	3.60272E-05 	
4.28700E-05 	4.83829E-05 	5.14943E-05 	5.44346E-05 	5.50893E-05 	5.71900E-05 	5.67340E-05 	5.54544E-05 	5.59315E-05 	5.71867E-05 	5.47609E-05 	5.03159E-05 	4.90540E-05 	4.42666E-05 	3.34722E-05 	
4.19150E-05 	4.99673E-05 	5.37404E-05 	5.60728E-05 	5.71873E-05 	5.86814E-05 	5.87521E-05 	5.88893E-05 	5.77611E-05 	5.70400E-05 	5.76289E-05 	5.38737E-05 	5.08847E-05 	4.58267E-05 	3.47957E-05 	
4.62078E-05 	5.31426E-05 	5.59400E-05 	5.88163E-05 	6.03228E-05 	6.29250E-05 	6.18178E-05 	6.01965E-05 	6.06127E-05 	5.92674E-05 	5.78054E-05 	5.50371E-05 	5.30977E-05 	4.84102E-05 	3.67551E-05 	
4.61658E-05 	5.46816E-05 	5.84827E-05 	5.97652E-05 	6.18993E-05 	6.18724E-05 	6.40806E-05 	6.34275E-05 	6.09848E-05 	6.19304E-05 	6.16698E-05 	5.58491E-05 	5.51684E-05 	4.78570E-05 	3.72197E-05 	
4.72317E-05 	5.73441E-05 	5.79926E-05 	6.07211E-05 	6.19779E-05 	6.52316E-05 	6.39965E-05 	6.42526E-05 	6.43112E-05 	6.32064E-05 	6.19393E-05 	5.92004E-05 	5.57384E-05 	4.92923E-05 	3.87482E-05 	
4.91827E-05 	5.59723E-05 	5.96270E-05 	6.26377E-05 	6.55361E-05 	6.50658E-05 	6.64952E-05 	6.49395E-05 	6.33681E-05 	6.48482E-05 	6.39934E-05 	5.85275E-05 	5.76544E-05 	4.96612E-05 	3.83872E-05 	
4.93152E-05 	5.80831E-05 	6.15198E-05 	6.10910E-05 	6.34115E-05 	6.76865E-05 	6.45162E-05 	6.63909E-05 	6.53865E-05 	6.42911E-05 	6.28870E-05 	6.18447E-05 	5.58892E-05 	5.08381E-05 	3.85385E-05 	
5.00452E-05 	5.76454E-05 	6.11172E-05 	6.38566E-05 	6.62803E-05 	6.58453E-05 	6.76487E-05 	6.71959E-05 	6.59836E-05 	6.49574E-05 	6.57836E-05 	6.17280E-05 	5.84316E-05 	5.20146E-05 	3.93239E-05 	
5.12545E-05 	5.71989E-05 	6.34678E-05 	6.20760E-05 	6.39800E-05 	6.84413E-05 	6.76548E-05 	6.68636E-05 	6.66862E-05 	6.49054E-05 	6.52225E-05 	6.06271E-05 	5.75194E-05 	5.05429E-05 	3.97151E-05 	
4.87049E-05 	5.64422E-05 	6.06390E-05 	6.17139E-05 	6.48708E-05 	6.51613E-05 	6.73810E-05 	6.42751E-05 	6.54962E-05 	6.36520E-05 	6.30847E-05 	6.25763E-05 	5.55750E-05 	5.03443E-05 	3.73014E-05 	
5.20300E-05 	5.83377E-05 	6.13392E-05 	6.43219E-05 	6.36749E-05 	6.55113E-05 	6.71681E-05 	6.70546E-05 	6.55132E-05 	6.31824E-05 	6.36280E-05 	6.01510E-05 	5.76119E-05 	5.11160E-05 	3.86945E-05 	
4.66969E-05 	5.18027E-05 	5.73189E-05 	5.89631E-05 	6.05642E-05 	6.02218E-05 	6.00545E-05 	6.17886E-05 	6.01062E-05 	6.08730E-05 	5.85433E-05 	5.66619E-05 	5.06876E-05 	4.54155E-05 	3.54482E-05 	
5.03954E-05 	5.67149E-05 	5.89730E-05 	6.19782E-05 	6.18597E-05 	6.26623E-05 	6.59154E-05 	6.36255E-05 	6.40575E-05 	6.17847E-05 	6.11958E-05 	6.05706E-05 	5.47373E-05 	4.86545E-05 	3.81201E-05 	
5.08532E-05 	5.78158E-05 	6.15507E-05 	6.39167E-05 	6.70569E-05 	6.75335E-05 	6.82665E-05 	6.81699E-05 	6.67536E-05 	6.57128E-05 	6.35421E-05 	6.20872E-05 	5.57387E-05 	5.00605E-05 	4.00290E-05 	
5.20965E-05 	5.97524E-05 	6.27328E-05 	6.62137E-05 	6.69706E-05 	6.61003E-05 	7.08564E-05 	6.67983E-05 	6.52178E-05 	6.71202E-05 	6.70512E-05 	6.31239E-05 	5.76116E-05 	5.21501E-05 	4.19252E-05 	
5.47543E-05 	6.05227E-05 	6.39217E-05 	6.70776E-05 	6.84139E-05 	6.89556E-05 	6.93102E-05 	7.18393E-05 	6.98292E-05 	6.89456E-05 	6.56254E-05 	6.44238E-05 	5.71709E-05 	5.18039E-05 	4.05129E-05 	
5.54968E-05 	6.12949E-05 	6.39955E-05 	6.98514E-05 	6.92683E-05 	7.12409E-05 	7.34620E-05 	6.90278E-05 	6.81214E-05 	7.07033E-05 	6.73822E-05 	6.44549E-05 	6.11004E-05 	5.52593E-05 	4.35505E-05 	
5.57056E-05 	6.21286E-05 	6.77177E-05 	6.87462E-05 	7.17793E-05 	6.96005E-05 	7.16971E-05 	7.17956E-05 	7.00737E-05 	7.04628E-05 	6.78401E-05 	6.72348E-05 	6.03869E-05 	5.34459E-05 	4.05768E-05 	
5.69711E-05 	6.23949E-05 	6.59922E-05 	7.05734E-05 	7.08999E-05 	7.35959E-05 	7.47415E-05 	7.32943E-05 	7.15551E-05 	7.10409E-05 	6.68287E-05 	6.53593E-05 	6.24677E-05 	5.57610E-05 	4.32217E-05 	
5.41404E-05 	6.46149E-05 	6.67789E-05 	7.12887E-05 	7.23670E-05 	7.18093E-05 	7.29760E-05 	7.13110E-05 	7.21626E-05 	7.24958E-05 	6.94317E-05 	6.42387E-05 	5.92633E-05 	5.77565E-05 	4.34463E-05 	
5.93756E-05 	6.40208E-05 	6.88641E-05 	7.12767E-05 	7.26392E-05 	7.33791E-05 	7.35034E-05 	7.44932E-05 	7.28517E-05 	7.18496E-05 	6.92179E-05 	6.70706E-05 	6.36236E-05 	5.64888E-05 	4.10146E-05 	
5.28813E-05 	6.33576E-05 	6.38216E-05 	7.04775E-05 	6.74592E-05 	7.02586E-05 	7.23132E-05 	7.04642E-05 	6.86563E-05 	6.99047E-05 	6.63617E-05 	6.37229E-05 	5.88063E-05 	5.59854E-05 	4.16500E-05 	
5.93767E-05 	6.29532E-05 	6.52781E-05 	7.19152E-05 	6.98112E-05 	7.24426E-05 	7.23217E-05 	7.18786E-05 	7.26991E-05 	7.11794E-05 	6.84626E-05 	6.52770E-05 	6.02012E-05 	5.42361E-05 	4.07711E-05 	
5.04901E-05 	5.90544E-05 	6.10369E-05 	6.40058E-05 	6.38763E-05 	6.62735E-05 	6.62333E-05 	6.74171E-05 	6.54367E-05 	6.66942E-05 	6.23828E-05 	6.04468E-05 	5.59904E-05 	5.31001E-05 	3.78110E-05 	
5.62463E-05 	6.36316E-05 	6.65602E-05 	6.97151E-05 	6.92859E-05 	7.02483E-05 	7.13645E-05 	7.05845E-05 	7.09793E-05 	6.83134E-05 	6.63515E-05 	6.30742E-05 	5.98117E-05 	5.56763E-05 	4.18832E-05 	
5.69204E-05 	6.67058E-05 	6.72326E-05 	7.22073E-05 	7.35334E-05 	7.19843E-05 	7.09715E-05 	7.46937E-05 	7.25386E-05 	7.23557E-05 	6.84749E-05 	6.70710E-05 	6.06184E-05 	5.65587E-05 	4.20108E-05 	
5.99292E-05 	6.40559E-05 	7.02330E-05 	7.18722E-05 	7.25900E-05 	7.59106E-05 	7.65675E-05 	7.50077E-05 	7.37390E-05 	7.42278E-05 	7.18683E-05 	6.80393E-05 	6.23566E-05 	5.58649E-05 	4.31553E-05 	
5.86797E-05 	7.14629E-05 	7.04032E-05 	7.25903E-05 	7.57782E-05 	7.51955E-05 	7.47869E-05 	7.80316E-05 	7.28828E-05 	7.32240E-05 	7.16646E-05 	6.77471E-05 	6.53201E-05 	5.91897E-05 	4.56953E-05 	
6.06540E-05 	6.57279E-05 	7.39105E-05 	7.44630E-05 	7.93799E-05 	7.75335E-05 	7.60444E-05 	7.57709E-05 	7.84445E-05 	7.57149E-05 	7.36572E-05 	7.05469E-05 	6.24882E-05 	5.86701E-05 	4.50407E-05 	
6.16340E-05 	7.10843E-05 	7.16266E-05 	7.34107E-05 	7.68369E-05 	7.74098E-05 	7.86999E-05 	7.53497E-05 	7.70756E-05 	7.73985E-05 	7.49754E-05 	7.06551E-05 	6.80833E-05 	6.10627E-05 	4.61738E-05 	
6.17226E-05 	7.01962E-05 	7.79213E-05 	7.74728E-05 	7.83355E-05 	8.12297E-05 	7.72410E-05 	8.01527E-05 	7.87414E-05 	7.64724E-05 	7.37148E-05 	7.16333E-05 	6.47722E-05 	6.09248E-05 	4.67627E-05 	
6.48091E-05 	7.12637E-05 	7.37268E-05 	7.48895E-05 	7.91085E-05 	8.02746E-05 	8.05778E-05 	7.70690E-05 	7.95032E-05 	7.95623E-05 	7.59149E-05 	7.12828E-05 	6.75093E-05 	6.16533E-05 	4.70632E-05 	
6.23300E-05 	6.96242E-05 	7.88539E-05 	7.77627E-05 	7.98460E-05 	8.05949E-05 	8.03987E-05 	7.80332E-05 	7.91109E-05 	7.76179E-05 	7.61991E-05 	7.23208E-05 	6.46820E-05 	6.07817E-05 	4.62494E-05 	
6.56088E-05 	7.30071E-05 	7.55070E-05 	7.58805E-05 	7.88586E-05 	8.12849E-05 	8.12680E-05 	7.92847E-05 	7.77655E-05 	7.92029E-05 	7.47694E-05 	7.36459E-05 	6.81108E-05 	6.29720E-05 	4.84558E-05 	
6.22210E-05 	7.00000E-05 	7.49922E-05 	7.56225E-05 	7.67566E-05 	7.87258E-05 	7.89638E-05 	7.49405E-05 	7.77718E-05 	7.57363E-05 	7.28706E-05 	6.97009E-05 	6.30051E-05 	5.84052E-05 	4.43183E-05 	
6.23898E-05 	6.89306E-05 	7.28752E-05 	7.57561E-05 	7.78554E-05 	8.06256E-05 	7.64397E-05 	7.69530E-05 	7.50822E-05 	7.70763E-05 	7.30576E-05 	7.31432E-05 	6.70120E-05 	5.87096E-05 	4.58623E-05 	
5.76918E-05 	6.61591E-05 	6.95426E-05 	7.17541E-05 	7.16511E-05 	7.18985E-05 	7.37845E-05 	7.17338E-05 	7.08851E-05 	7.13926E-05 	6.61773E-05 	6.53396E-05 	5.92370E-05 	5.44233E-05 	4.25338E-05 	
6.28645E-05 	6.98521E-05 	7.30215E-05 	7.29756E-05 	7.76799E-05 	8.03413E-05 	7.70748E-05 	7.75034E-05 	7.56624E-05 	7.65707E-05 	7.56792E-05 	7.17834E-05 	6.65128E-05 	5.85000E-05 	4.52594E-05 	
6.52571E-05 	7.35128E-05 	7.54391E-05 	7.81635E-05 	7.81521E-05 	8.16174E-05 	8.01509E-05 	7.89294E-05 	7.85267E-05 	7.84688E-05 	7.38281E-05 	7.30354E-05 	6.63153E-05 	5.98770E-05 	4.64526E-05 	
6.28129E-05 	7.37637E-05 	7.69059E-05 	7.95423E-05 	8.02009E-05 	8.27711E-05 	8.33982E-05 	8.13565E-05 	8.03417E-05 	7.85145E-05 	7.73560E-05 	7.54341E-05 	6.92639E-05 	6.19550E-05 	4.90980E-05 	
6.85136E-05 	7.43853E-05 	7.76055E-05 	8.25861E-05 	8.13804E-05 	8.59633E-05 	8.41638E-05 	8.04220E-05 	8.25733E-05 	8.12289E-05 	7.83746E-05 	7.31295E-05 	6.95403E-05 	6.18161E-05 	4.86200E-05 	
6.63924E-05 	7.51095E-05 	8.12697E-05 	8.19882E-05 	8.25476E-05 	8.21645E-05 	8.53549E-05 	8.26555E-05 	8.29653E-05 	8.32559E-05 	7.92534E-05 	7.47612E-05 	7.15880E-05 	6.32675E-05 	4.76413E-05 	
6.83467E-05 	7.64816E-05 	8.06611E-05 	8.54230E-05 	8.46288E-05 	8.90529E-05 	9.06985E-05 	8.27803E-05 	8.43715E-05 	8.42465E-05 	7.85300E-05 	7.63440E-05 	7.20116E-05 	6.36738E-05 	4.80822E-05 	
6.67660E-05 	7.82164E-05 	8.22705E-05 	8.31609E-05 	8.43246E-05 	8.47758E-05 	8.73662E-05 	8.40312E-05 	8.54412E-05 	8.20556E-05 	7.83320E-05 	8.00482E-05 	7.41655E-05 	6.68412E-05 	4.97667E-05 	
7.00942E-05 	7.67045E-05 	8.23524E-05 	8.74260E-05 	8.69582E-05 	8.68712E-05 	8.83631E-05 	8.47005E-05 	8.54400E-05 	8.60619E-05 	8.36224E-05 	7.56383E-05 	7.15960E-05 	6.36264E-05 	5.20628E-05 	
7.02696E-05 	7.87142E-05 	8.27275E-05 	8.83748E-05 	8.59109E-05 	8.79874E-05 	9.18238E-05 	8.70059E-05 	8.76487E-05 	8.55367E-05 	8.00514E-05 	7.82814E-05 	7.25004E-05 	6.36962E-05 	4.84847E-05 	
6.94906E-05 	7.78188E-05 	8.31333E-05 	8.54563E-05 	8.62774E-05 	8.63332E-05 	8.86014E-05 	8.65819E-05 	8.58507E-05 	8.83181E-05 	8.20232E-05 	8.02033E-05 	7.30386E-05 	6.81027E-05 	5.11931E-05 	
6.94636E-05 	7.62830E-05 	8.49428E-05 	8.59457E-05 	8.67125E-05 	8.65860E-05 	8.80594E-05 	8.65290E-05 	8.69085E-05 	8.43275E-05 	8.01431E-05 	7.55271E-05 	7.40062E-05 	6.34164E-05 	4.96896E-05 	
6.92514E-05 	7.75510E-05 	8.14093E-05 	8.33869E-05 	8.68766E-05 	8.57220E-05 	8.64815E-05 	8.53997E-05 	8.31679E-05 	8.41748E-05 	7.79019E-05 	7.98556E-05 	7.30718E-05 	6.41540E-05 	5.12319E-05 	
6.89622E-05 	7.72178E-05 	8.36072E-05 	8.51042E-05 	8.34912E-05 	8.28487E-05 	8.83809E-05 	8.18789E-05 	8.43421E-05 	8.53584E-05 	8.03534E-05 	7.42315E-05 	7.14639E-05 	6.52580E-05 	4.84199E-05 	
6.52799E-05 	7.22778E-05 	7.72037E-05 	7.91788E-05 	8.22528E-05 	8.06200E-05 	7.95430E-05 	8.08526E-05 	7.91631E-05 	7.88194E-05 	7.44444E-05 	7.42045E-05 	6.71710E-05 	5.73295E-05 	4.83473E-05 	
6.97209E-05 	7.35234E-05 	8.04320E-05 	8.34699E-05 	8.35919E-05 	8.40478E-05 	8.32987E-05 	8.31192E-05 	8.20494E-05 	8.52647E-05 	8.04251E-05 	7.56637E-05 	7.11885E-05 	6.25338E-05 	4.67957E-05 	
7.07194E-05 	7.91334E-05 	8.64004E-05 	8.70341E-05 	9.08607E-05 	9.01358E-05 	8.87660E-05 	8.80589E-05 	8.70181E-05 	8.40176E-05 	8.07373E-05 	7.84150E-05 	7.49789E-05 	6.61129E-05 	5.09158E-05 	
7.22066E-05 	7.94247E-05 	8.56656E-05 	8.69896E-05 	8.84347E-05 	9.06291E-05 	8.78200E-05 	8.94217E-05 	8.63278E-05 	8.77229E-05 	8.86576E-05 	7.90995E-05 	7.37517E-05 	6.37933E-05 	5.13706E-05 	
7.25829E-05 	8.20066E-05 	8.77321E-05 	9.04042E-05 	9.18509E-05 	9.01822E-05 	9.34970E-05 	9.06727E-05 	8.78857E-05 	8.88114E-05 	8.30846E-05 	8.07682E-05 	7.89258E-05 	6.79201E-05 	5.08595E-05 	
7.25109E-05 	8.20324E-05 	8.69128E-05 	9.20601E-05 	9.12034E-05 	8.87116E-05 	9.15248E-05 	9.01225E-05 	8.88374E-05 	8.85352E-05 	8.59360E-05 	8.16823E-05 	7.76984E-05 	6.74391E-05 	5.56399E-05 	
7.71574E-05 	8.17834E-05 	9.02853E-05 	9.24236E-05 	9.17192E-05 	9.74509E-05 	9.43999E-05 	9.36516E-05 	9.24248E-05 	9.05959E-05 	9.01402E-05 	8.62114E-05 	7.73064E-05 	6.87749E-05 	5.17436E-05 	
7.54139E-05 	8.61279E-05 	8.74645E-05 	9.05150E-05 	9.69644E-05 	9.10974E-05 	9.63578E-05 	9.27796E-05 	8.98152E-05 	9.03898E-05 	8.94192E-05 	8.49818E-05 	7.92865E-05 	7.03601E-05 	5.45747E-05 	
7.80676E-05 	8.66529E-05 	9.01298E-05 	9.54302E-05 	9.33844E-05 	9.85249E-05 	9.51679E-05 	9.31327E-05 	9.34660E-05 	9.31520E-05 	9.04602E-05 	8.55940E-05 	7.90620E-05 	6.91376E-05 	5.40374E-05 	
8.00206E-05 	8.40886E-05 	9.16534E-05 	9.66654E-05 	9.85250E-05 	9.52760E-05 	9.44433E-05 	9.50020E-05 	9.29155E-05 	8.78036E-05 	9.24149E-05 	8.83714E-05 	7.89541E-05 	7.24987E-05 	5.41784E-05 	
7.98905E-05 	8.80615E-05 	9.19079E-05 	9.50884E-05 	9.34044E-05 	9.58999E-05 	9.84267E-05 	9.68014E-05 	9.30248E-05 	9.44296E-05 	9.22620E-05 	8.40116E-05 	7.97631E-05 	7.28869E-05 	5.47987E-05 	
7.94486E-05 	8.76708E-05 	9.22281E-05 	9.93785E-05 	9.64693E-05 	9.83711E-05 	9.67697E-05 	9.73064E-05 	9.22887E-05 	9.36359E-05 	9.31904E-05 	8.89960E-05 	7.98213E-05 	6.95315E-05 	5.45470E-05 	
8.15425E-05 	8.64120E-05 	9.23578E-05 	9.20711E-05 	9.72049E-05 	9.81922E-05 	9.61154E-05 	9.47622E-05 	9.67163E-05 	8.82721E-05 	9.29261E-05 	8.41888E-05 	7.96678E-05 	7.26021E-05 	5.37277E-05 	
7.57417E-05 	8.41557E-05 	9.06938E-05 	9.23312E-05 	9.53949E-05 	9.57953E-05 	9.64733E-05 	9.48213E-05 	8.74842E-05 	8.85431E-05 	8.84110E-05 	8.60637E-05 	8.02647E-05 	6.75025E-05 	5.32605E-05 	
7.94192E-05 	9.02013E-05 	9.39002E-05 	9.32683E-05 	9.64814E-05 	9.22242E-05 	9.70054E-05 	9.46647E-05 	9.24545E-05 	9.30236E-05 	9.26523E-05 	8.34759E-05 	8.13717E-05 	7.16431E-05 	5.17479E-05 	
7.50267E-05 	8.10195E-05 	8.60328E-05 	8.55852E-05 	8.98986E-05 	9.00849E-05 	9.08547E-05 	8.83984E-05 	8.52437E-05 	8.21328E-05 	8.18307E-05 	8.02943E-05 	7.21637E-05 	6.42365E-05 	5.19645E-05 	
7.68449E-05 	8.39385E-05 	8.86592E-05 	9.10082E-05 	9.04702E-05 	8.82676E-05 	9.22489E-05 	9.22762E-05 	8.74003E-05 	8.64162E-05 	8.73918E-05 	7.90236E-05 	7.20724E-05 	6.85436E-05 	4.99206E-05 	
7.86927E-05 	8.67632E-05 	9.45860E-05 	9.05145E-05 	9.98312E-05 	9.72018E-05 	9.58655E-05 	9.51891E-05 	9.25316E-05 	9.03562E-05 	9.02688E-05 	8.96405E-05 	8.27568E-05 	7.11914E-05 	5.53582E-05 	
8.22706E-05 	9.01573E-05 	9.87256E-05 	9.64711E-05 	9.67742E-05 	1.01488E-04 	9.62647E-05 	9.78780E-05 	9.24484E-05 	9.06032E-05 	9.35885E-05 	9.03530E-05 	7.92680E-05 	7.26766E-05 	5.74403E-05 	
8.28207E-05 	9.26724E-05 	9.47956E-05 	9.77484E-05 	9.73170E-05 	1.00861E-04 	1.05679E-04 	9.95714E-05 	9.75869E-05 	9.77908E-05 	9.05800E-05 	8.83472E-05 	8.27995E-05 	7.00325E-05 	5.60486E-05 	
7.99975E-05 	9.38913E-05 	9.97215E-05 	9.69402E-05 	9.77072E-05 	9.79152E-05 	9.97357E-05 	9.88752E-05 	9.48764E-05 	9.48006E-05 	9.45402E-05 	9.24119E-05 	8.28433E-05 	7.43452E-05 	5.72011E-05 	
8.27515E-05 	9.33466E-05 	1.01563E-04 	1.00678E-04 	1.03582E-04 	1.03483E-04 	1.01616E-04 	1.00623E-04 	1.02247E-04 	9.48748E-05 	9.27830E-05 	9.13918E-05 	8.36490E-05 	7.46506E-05 	5.78108E-05 	
8.34073E-05 	9.53763E-05 	1.02021E-04 	1.00741E-04 	1.02230E-04 	1.05914E-04 	1.06136E-04 	1.03451E-04 	9.97746E-05 	9.73855E-05 	9.50705E-05 	9.28721E-05 	8.77743E-05 	7.36395E-05 	6.00944E-05 	
8.45603E-05 	9.63759E-05 	1.04716E-04 	9.81775E-05 	1.04216E-04 	1.03802E-04 	1.04259E-04 	1.04279E-04 	9.63201E-05 	9.94703E-05 	9.47209E-05 	9.30895E-05 	8.59743E-05 	7.52382E-05 	5.90215E-05 	
8.59282E-05 	9.86277E-05 	9.96456E-05 	1.03229E-04 	1.05119E-04 	1.04152E-04 	1.07445E-04 	1.03800E-04 	1.04703E-04 	1.00670E-04 	9.43370E-05 	9.29545E-05 	9.01867E-05 	7.70707E-05 	5.82553E-05 	
8.67506E-05 	9.81649E-05 	1.04381E-04 	1.02804E-04 	1.03709E-04 	1.07915E-04 	1.05090E-04 	1.07238E-04 	1.00008E-04 	9.87569E-05 	1.02030E-04 	9.74573E-05 	8.86049E-05 	7.56112E-05 	6.03084E-05 	
8.65441E-05 	9.97501E-05 	1.04688E-04 	1.08436E-04 	1.06632E-04 	1.03607E-04 	1.08496E-04 	1.08330E-04 	1.05148E-04 	9.84425E-05 	9.56237E-05 	9.38476E-05 	8.98903E-05 	7.52278E-05 	6.13566E-05 	
8.85165E-05 	1.00504E-04 	1.02150E-04 	1.05607E-04 	1.07078E-04 	1.08866E-04 	1.08057E-04 	1.05708E-04 	1.01602E-04 	9.94399E-05 	9.62625E-05 	9.64626E-05 	8.89496E-05 	8.05746E-05 	5.62651E-05 	
8.93481E-05 	9.88299E-05 	1.07046E-04 	1.08088E-04 	1.10588E-04 	1.06626E-04 	1.09781E-04 	1.10525E-04 	1.04259E-04 	1.05882E-04 	9.83337E-05 	9.81549E-05 	9.33938E-05 	8.06396E-05 	6.25368E-05 	
8.58618E-05 	9.41970E-05 	1.03462E-04 	1.03063E-04 	1.03389E-04 	1.04197E-04 	1.03215E-04 	1.05431E-04 	1.02772E-04 	9.36528E-05 	9.95432E-05 	9.37805E-05 	8.58411E-05 	7.34411E-05 	5.67835E-05 	
8.95163E-05 	1.00974E-04 	1.07164E-04 	1.06542E-04 	1.07754E-04 	1.08541E-04 	1.09288E-04 	1.05961E-04 	1.02756E-04 	1.02843E-04 	9.45212E-05 	9.39464E-05 	9.21579E-05 	7.86525E-05 	5.80949E-05 	
8.45264E-05 	9.49520E-05 	9.68247E-05 	1.01333E-04 	1.02206E-04 	1.06215E-04 	1.03206E-04 	1.01685E-04 	1.02330E-04 	9.63467E-05 	9.50722E-05 	9.16262E-05 	8.69637E-05 	7.50374E-05 	5.68471E-05 	
7.81156E-05 	8.86083E-05 	9.91474E-05 	9.66543E-05 	1.00500E-04 	9.97933E-05 	9.90225E-05 	1.00582E-04 	9.63671E-05 	9.39336E-05 	9.26741E-05 	8.67351E-05 	8.10561E-05 	7.25086E-05 	5.43699E-05 	
8.81840E-05 	9.01537E-05 	9.78856E-05 	1.05129E-04 	1.01177E-04 	1.00944E-04 	1.04950E-04 	9.96107E-05 	9.86910E-05 	9.60198E-05 	9.49493E-05 	8.96413E-05 	8.42782E-05 	7.51348E-05 	5.49059E-05 	
8.73423E-05 	9.73117E-05 	1.03372E-04 	1.09345E-04 	1.07049E-04 	1.10458E-04 	1.07876E-04 	1.03783E-04 	1.06144E-04 	1.00250E-04 	9.95364E-05 	9.30891E-05 	9.15621E-05 	7.92942E-05 	6.08905E-05 	
8.92040E-05 	9.95887E-05 	1.06984E-04 	1.09444E-04 	1.07573E-04 	1.13660E-04 	1.08904E-04 	1.11429E-04 	1.05579E-04 	1.06093E-04 	1.01521E-04 	9.82238E-05 	8.91854E-05 	7.74868E-05 	5.86390E-05 	
8.74113E-05 	9.73535E-05 	1.04611E-04 	1.08487E-04 	1.09743E-04 	1.10687E-04 	1.16062E-04 	1.06921E-04 	1.09901E-04 	1.05200E-04 	9.80344E-05 	9.60417E-05 	9.05206E-05 	8.19625E-05 	6.21227E-05 	
9.36731E-05 	1.02862E-04 	1.09815E-04 	1.10769E-04 	1.11950E-04 	1.12405E-04 	1.12998E-04 	1.10746E-04 	1.08038E-04 	1.07319E-04 	1.03883E-04 	9.74997E-05 	9.14787E-05 	7.88531E-05 	6.52885E-05 	
9.20067E-05 	1.01648E-04 	1.07074E-04 	1.15602E-04 	1.14020E-04 	1.16773E-04 	1.12515E-04 	1.12311E-04 	1.07301E-04 	1.06168E-04 	1.03962E-04 	9.82704E-05 	9.08348E-05 	8.00061E-05 	5.81079E-05 	
9.39754E-05 	9.84492E-05 	1.05956E-04 	1.13060E-04 	1.12645E-04 	1.13851E-04 	1.12819E-04 	1.13403E-04 	1.12577E-04 	1.07600E-04 	1.07527E-04 	1.04757E-04 	9.26801E-05 	8.46992E-05 	6.58842E-05 	
9.47154E-05 	1.03394E-04 	1.12404E-04 	1.12314E-04 	1.17087E-04 	1.14727E-04 	1.15634E-04 	1.19346E-04 	1.08255E-04 	1.13348E-04 	1.07703E-04 	1.01591E-04 	9.56989E-05 	8.32067E-05 	6.52674E-05 	
9.70280E-05 	1.06939E-04 	1.09433E-04 	1.19606E-04 	1.16879E-04 	1.15961E-04 	1.23321E-04 	1.13922E-04 	1.11241E-04 	1.08316E-04 	1.03412E-04 	9.82416E-05 	9.30016E-05 	8.37722E-05 	6.46367E-05 	
9.84168E-05 	1.02693E-04 	1.09078E-04 	1.15909E-04 	1.14800E-04 	1.17798E-04 	1.14165E-04 	1.17248E-04 	1.14865E-04 	1.09603E-04 	1.07853E-04 	1.02675E-04 	9.50555E-05 	8.69500E-05 	6.49082E-05 	
9.90072E-05 	1.03190E-04 	1.13721E-04 	1.16734E-04 	1.20669E-04 	1.17082E-04 	1.18062E-04 	1.17750E-04 	1.16557E-04 	1.14416E-04 	1.08941E-04 	1.01506E-04 	9.26652E-05 	8.43404E-05 	6.42620E-05 	
1.00616E-04 	1.05140E-04 	1.10905E-04 	1.22096E-04 	1.19706E-04 	1.20762E-04 	1.21534E-04 	1.14921E-04 	1.12605E-04 	1.09690E-04 	1.06432E-04 	1.04689E-04 	9.60236E-05 	8.84608E-05 	6.64345E-05 	
9.78600E-05 	1.08023E-04 	1.09484E-04 	1.17347E-04 	1.19406E-04 	1.19137E-04 	1.19366E-04 	1.21271E-04 	1.17998E-04 	1.10935E-04 	1.10147E-04 	1.02214E-04 	9.75523E-05 	8.51997E-05 	6.09338E-05 	
1.01393E-04 	1.08012E-04 	1.13775E-04 	1.18182E-04 	1.20636E-04 	1.20125E-04 	1.17341E-04 	1.21093E-04 	1.24156E-04 	1.17440E-04 	1.12730E-04 	1.04781E-04 	9.87157E-05 	8.60379E-05 	6.75838E-05 	
9.78721E-05 	1.03453E-04 	1.03871E-04 	1.15262E-04 	1.13235E-04 	1.18470E-04 	1.14123E-04 	1.09298E-04 	1.11591E-04 	1.08761E-04 	1.01129E-04 	9.87138E-05 	9.02171E-05 	8.48090E-05 	6.58184E-05 	
1.01967E-04 	1.09417E-04 	1.10323E-04 	1.15973E-04 	1.19950E-04 	1.20546E-04 	1.23848E-04 	1.21151E-04 	1.21359E-04 	1.11544E-04 	1.07527E-04 	1.06061E-04 	9.41910E-05 	8.96520E-05 	6.25231E-05 	
9.55626E-05 	1.06391E-04 	1.10513E-04 	1.15600E-04 	1.17885E-04 	1.18271E-04 	1.14002E-04 	1.12932E-04 	1.12673E-04 	1.11903E-04 	1.03442E-04 	1.04961E-04 	9.70525E-05 	8.27925E-05 	6.52744E-05 	
9.65072E-05 	9.80576E-05 	1.00534E-04 	1.06627E-04 	1.11089E-04 	1.10757E-04 	1.08440E-04 	1.04915E-04 	1.10382E-04 	1.03753E-04 	9.85459E-05 	9.94103E-05 	8.62113E-05 	7.92147E-05 	5.95847E-05 	
9.30398E-05 	1.01771E-04 	1.02153E-04 	1.03749E-04 	1.10788E-04 	1.11896E-04 	1.14827E-04 	1.13075E-04 	1.16698E-04 	1.05514E-04 	1.02432E-04 	9.60898E-05 	9.31900E-05 	7.84896E-05 	6.12544E-05 	
1.02573E-04 	1.09587E-04 	1.11893E-04 	1.16543E-04 	1.19171E-04 	1.16311E-04 	1.18148E-04 	1.18258E-04 	1.15187E-04 	1.19654E-04 	1.02729E-04 	1.01951E-04 	9.59876E-05 	8.43732E-05 	6.93615E-05 	
1.04904E-04 	1.07037E-04 	1.13628E-04 	1.14636E-04 	1.22432E-04 	1.23797E-04 	1.23196E-04 	1.16089E-04 	1.15512E-04 	1.16267E-04 	1.06754E-04 	1.07676E-04 	9.31196E-05 	8.64125E-05 	6.27644E-05 	
1.00938E-04 	1.12753E-04 	1.16042E-04 	1.15571E-04 	1.19878E-04 	1.23146E-04 	1.19916E-04 	1.21543E-04 	1.19933E-04 	1.17618E-04 	1.12191E-04 	1.09550E-04 	1.01034E-04 	8.80381E-05 	6.75392E-05 	
1.03415E-04 	1.10531E-04 	1.12632E-04 	1.16498E-04 	1.17850E-04 	1.23154E-04 	1.24839E-04 	1.22352E-04 	1.22576E-04 	1.16386E-04 	1.09987E-04 	1.05811E-04 	1.04261E-04 	8.79678E-05 	7.10805E-05 	
1.07687E-04 	1.12576E-04 	1.18355E-04 	1.16209E-04 	1.26561E-04 	1.21268E-04 	1.22898E-04 	1.25931E-04 	1.19128E-04 	1.14617E-04 	1.15197E-04 	1.07701E-04 	9.81474E-05 	8.72517E-05 	6.76819E-05 	
1.02689E-04 	1.14776E-04 	1.21168E-04 	1.17944E-04 	1.23990E-04 	1.26460E-04 	1.28116E-04 	1.24292E-04 	1.22168E-04 	1.23487E-04 	1.13240E-04 	1.13388E-04 	1.02212E-04 	9.26382E-05 	6.92112E-05 	
1.09769E-04 	1.19688E-04 	1.12620E-04 	1.25526E-04 	1.22190E-04 	1.26544E-04 	1.27325E-04 	1.23735E-04 	1.28172E-04 	1.22215E-04 	1.13352E-04 	1.06127E-04 	1.07085E-04 	9.02138E-05 	7.03116E-05 	
1.06877E-04 	1.13736E-04 	1.19034E-04 	1.21205E-04 	1.24022E-04 	1.30303E-04 	1.30496E-04 	1.29411E-04 	1.25318E-04 	1.23257E-04 	1.17472E-04 	1.10915E-04 	1.04653E-04 	9.09048E-05 	6.84519E-05 	
1.11567E-04 	1.19321E-04 	1.22682E-04 	1.20380E-04 	1.28065E-04 	1.27188E-04 	1.26335E-04 	1.24876E-04 	1.23712E-04 	1.25585E-04 	1.19668E-04 	1.18410E-04 	1.02099E-04 	9.69836E-05 	7.20171E-05 	
1.10830E-04 	1.20794E-04 	1.17468E-04 	1.19850E-04 	1.25345E-04 	1.28524E-04 	1.30473E-04 	1.28176E-04 	1.26925E-04 	1.24481E-04 	1.16706E-04 	1.09712E-04 	1.08252E-04 	9.35994E-05 	7.02124E-05 	
1.09843E-04 	1.14951E-04 	1.22490E-04 	1.24725E-04 	1.25008E-04 	1.31867E-04 	1.27565E-04 	1.32123E-04 	1.30613E-04 	1.22399E-04 	1.20427E-04 	1.15416E-04 	1.09581E-04 	9.28816E-05 	6.78295E-05 	
1.14221E-04 	1.21554E-04 	1.21210E-04 	1.26985E-04 	1.27610E-04 	1.29194E-04 	1.36462E-04 	1.28214E-04 	1.28119E-04 	1.24254E-04 	1.21671E-04 	1.14304E-04 	1.05354E-04 	9.95519E-05 	7.36080E-05 	
1.09536E-04 	1.17618E-04 	1.23623E-04 	1.24822E-04 	1.24105E-04 	1.30136E-04 	1.28647E-04 	1.32648E-04 	1.27209E-04 	1.27607E-04 	1.21224E-04 	1.09333E-04 	1.05579E-04 	9.39767E-05 	6.93303E-05 	
1.15248E-04 	1.20282E-04 	1.28759E-04 	1.26364E-04 	1.31258E-04 	1.35729E-04 	1.33552E-04 	1.30611E-04 	1.34429E-04 	1.31715E-04 	1.24300E-04 	1.16637E-04 	1.09957E-04 	1.03157E-04 	7.04316E-05 	
1.13876E-04 	1.25408E-04 	1.21216E-04 	1.30655E-04 	1.25145E-04 	1.30282E-04 	1.33893E-04 	1.29956E-04 	1.28563E-04 	1.25394E-04 	1.20739E-04 	1.15626E-04 	1.07382E-04 	9.75776E-05 	7.00588E-05 	
1.09124E-04 	1.16460E-04 	1.14309E-04 	1.23125E-04 	1.25263E-04 	1.21904E-04 	1.25357E-04 	1.29464E-04 	1.23951E-04 	1.23120E-04 	1.15790E-04 	1.10893E-04 	1.00816E-04 	9.13231E-05 	7.35206E-05 	
1.18304E-04 	1.25948E-04 	1.31919E-04 	1.32716E-04 	1.33044E-04 	1.33191E-04 	1.38152E-04 	1.32493E-04 	1.32399E-04 	1.28590E-04 	1.24606E-04 	1.17524E-04 	1.09194E-04 	9.97707E-05 	6.97438E-05 	
1.06120E-04 	1.18461E-04 	1.16554E-04 	1.20589E-04 	1.24199E-04 	1.23328E-04 	1.25571E-04 	1.23644E-04 	1.25142E-04 	1.26156E-04 	1.15415E-04 	1.09721E-04 	1.03299E-04 	9.63465E-05 	6.74017E-05 	
1.02760E-04 	1.15366E-04 	1.16714E-04 	1.18341E-04 	1.19723E-04 	1.17811E-04 	1.23231E-04 	1.25776E-04 	1.19142E-04 	1.18291E-04 	1.11657E-04 	1.08322E-04 	9.88128E-05 	9.06884E-05 	6.56204E-05 	
1.02535E-04 	1.08660E-04 	1.22594E-04 	1.21580E-04 	1.18837E-04 	1.16753E-04 	1.24383E-04 	1.21777E-04 	1.19945E-04 	1.24170E-04 	1.09119E-04 	1.11855E-04 	9.60522E-05 	8.83267E-05 	6.57999E-05 	
1.13529E-04 	1.25835E-04 	1.21186E-04 	1.32004E-04 	1.28095E-04 	1.31130E-04 	1.35080E-04 	1.25282E-04 	1.32237E-04 	1.27169E-04 	1.22098E-04 	1.10907E-04 	1.08472E-04 	9.71268E-05 	7.09338E-05 	
1.09870E-04 	1.21989E-04 	1.27382E-04 	1.30061E-04 	1.29808E-04 	1.32517E-04 	1.31303E-04 	1.27102E-04 	1.30353E-04 	1.33297E-04 	1.24043E-04 	1.20085E-04 	1.09996E-04 	9.64391E-05 	6.73520E-05 	
1.13527E-04 	1.20308E-04 	1.27516E-04 	1.26070E-04 	1.35831E-04 	1.24796E-04 	1.34853E-04 	1.41282E-04 	1.31830E-04 	1.29032E-04 	1.11764E-04 	1.17635E-04 	1.10981E-04 	9.71227E-05 	7.17018E-05 	
1.13097E-04 	1.24814E-04 	1.27722E-04 	1.34455E-04 	1.31331E-04 	1.30126E-04 	1.34753E-04 	1.29225E-04 	1.34010E-04 	1.34553E-04 	1.24355E-04 	1.20625E-04 	1.09538E-04 	9.64531E-05 	7.56320E-05 	
1.15679E-04 	1.29452E-04 	1.28180E-04 	1.29106E-04 	1.29224E-04 	1.36184E-04 	1.35501E-04 	1.28921E-04 	1.34946E-04 	1.37619E-04 	1.29911E-04 	1.23093E-04 	1.11260E-04 	1.00576E-04 	7.10616E-05 	
1.18571E-04 	1.21437E-04 	1.34237E-04 	1.31704E-04 	1.40161E-04 	1.29733E-04 	1.36190E-04 	1.33192E-04 	1.35611E-04 	1.36845E-04 	1.24005E-04 	1.18907E-04 	1.16458E-04 	1.00180E-04 	7.23984E-05 	
1.20103E-04 	1.17098E-04 	1.35700E-04 	1.37663E-04 	1.40715E-04 	1.31434E-04 	1.39095E-04 	1.37369E-04 	1.37526E-04 	1.36831E-04 	1.26415E-04 	1.20276E-04 	1.17528E-04 	1.05224E-04 	7.39929E-05 	
1.16103E-04 	1.29650E-04 	1.34562E-04 	1.39348E-04 	1.37883E-04 	1.36090E-04 	1.33977E-04 	1.33084E-04 	1.40149E-04 	1.34759E-04 	1.36407E-04 	1.28796E-04 	1.14042E-04 	1.00013E-04 	7.48237E-05 	
1.20059E-04 	1.27525E-04 	1.37429E-04 	1.35223E-04 	1.34844E-04 	1.47204E-04 	1.37510E-04 	1.39142E-04 	1.41073E-04 	1.40618E-04 	1.26614E-04 	1.25559E-04 	1.15812E-04 	1.02187E-04 	7.62635E-05 	
1.17556E-04 	1.20626E-04 	1.34215E-04 	1.39822E-04 	1.39721E-04 	1.31731E-04 	1.40321E-04 	1.36939E-04 	1.36032E-04 	1.40134E-04 	1.28364E-04 	1.25937E-04 	1.18532E-04 	1.05088E-04 	7.97021E-05 	
1.16275E-04 	1.32453E-04 	1.37995E-04 	1.34792E-04 	1.39512E-04 	1.40620E-04 	1.40670E-04 	1.35009E-04 	1.45357E-04 	1.41486E-04 	1.41474E-04 	1.26926E-04 	1.17659E-04 	1.06839E-04 	7.31123E-05 	
1.18602E-04 	1.25699E-04 	1.32460E-04 	1.40052E-04 	1.40509E-04 	1.44355E-04 	1.33633E-04 	1.43170E-04 	1.43905E-04 	1.40840E-04 	1.32104E-04 	1.27711E-04 	1.23305E-04 	1.02522E-04 	7.73910E-05 	
1.21554E-04 	1.28825E-04 	1.40087E-04 	1.37809E-04 	1.48867E-04 	1.43033E-04 	1.38718E-04 	1.42847E-04 	1.36716E-04 	1.39866E-04 	1.36631E-04 	1.25870E-04 	1.18038E-04 	1.11659E-04 	7.78995E-05 	
1.18631E-04 	1.34525E-04 	1.37065E-04 	1.40001E-04 	1.43288E-04 	1.38935E-04 	1.42421E-04 	1.40578E-04 	1.40654E-04 	1.39875E-04 	1.33897E-04 	1.27304E-04 	1.14028E-04 	1.02679E-04 	7.87551E-05 	
1.25317E-04 	1.32281E-04 	1.32682E-04 	1.44932E-04 	1.41375E-04 	1.46597E-04 	1.41777E-04 	1.43812E-04 	1.48121E-04 	1.50245E-04 	1.45683E-04 	1.30343E-04 	1.25042E-04 	1.09073E-04 	7.93504E-05 	
1.21584E-04 	1.23604E-04 	1.36285E-04 	1.41008E-04 	1.49668E-04 	1.42247E-04 	1.43078E-04 	1.35956E-04 	1.41415E-04 	1.33964E-04 	1.37619E-04 	1.29834E-04 	1.23490E-04 	1.10200E-04 	7.94305E-05 	
1.14197E-04 	1.32096E-04 	1.36745E-04 	1.34770E-04 	1.39625E-04 	1.37014E-04 	1.36555E-04 	1.36942E-04 	1.37290E-04 	1.36407E-04 	1.30382E-04 	1.27822E-04 	1.17302E-04 	9.99144E-05 	7.61106E-05 	
1.20424E-04 	1.28351E-04 	1.35922E-04 	1.42611E-04 	1.43127E-04 	1.46290E-04 	1.40851E-04 	1.40742E-04 	1.45908E-04 	1.43464E-04 	1.37327E-04 	1.25906E-04 	1.16781E-04 	1.07430E-04 	7.42248E-05 	
1.21195E-04 	1.24585E-04 	1.39246E-04 	1.44020E-04 	1.46051E-04 	1.42304E-04 	1.54260E-04 	1.35073E-04 	1.46070E-04 	1.39170E-04 	1.40722E-04 	1.40843E-04 	1.25156E-04 	1.07189E-04 	8.06044E-05 	
1.08009E-04 	1.20411E-04 	1.30172E-04 	1.25059E-04 	1.31211E-04 	1.30868E-04 	1.32560E-04 	1.27254E-04 	1.33131E-04 	1.25225E-04 	1.24236E-04 	1.18390E-04 	1.12887E-04 	1.00481E-04 	7.29878E-05 	
1.11058E-04 	1.20353E-04 	1.22021E-04 	1.31137E-04 	1.34203E-04 	1.37645E-04 	1.34705E-04 	1.32471E-04 	1.36501E-04 	1.39857E-04 	1.28690E-04 	1.16617E-04 	1.11999E-04 	9.52051E-05 	6.81262E-05 	
1.13393E-04 	1.21492E-04 	1.28421E-04 	1.31397E-04 	1.36610E-04 	1.35156E-04 	1.35479E-04 	1.38247E-04 	1.33575E-04 	1.30669E-04 	1.29878E-04 	1.22858E-04 	1.13732E-04 	1.00068E-04 	6.90481E-05 	
1.26952E-04 	1.27487E-04 	1.37501E-04 	1.35071E-04 	1.47335E-04 	1.42865E-04 	1.47573E-04 	1.36980E-04 	1.42335E-04 	1.42484E-04 	1.34102E-04 	1.30748E-04 	1.22664E-04 	1.07490E-04 	8.12018E-05 	
1.15593E-04 	1.31945E-04 	1.37432E-04 	1.38023E-04 	1.42810E-04 	1.43372E-04 	1.39100E-04 	1.41515E-04 	1.47561E-04 	1.42204E-04 	1.39286E-04 	1.34730E-04 	1.27139E-04 	1.10276E-04 	8.33203E-05 	
1.20271E-04 	1.25420E-04 	1.35158E-04 	1.45220E-04 	1.46002E-04 	1.56234E-04 	1.41711E-04 	1.43008E-04 	1.38377E-04 	1.43154E-04 	1.36071E-04 	1.27096E-04 	1.25924E-04 	1.07281E-04 	7.21249E-05 	
1.29082E-04 	1.28087E-04 	1.31666E-04 	1.39679E-04 	1.44714E-04 	1.47670E-04 	1.47701E-04 	1.49507E-04 	1.44570E-04 	1.50267E-04 	1.47529E-04 	1.31943E-04 	1.22295E-04 	1.06523E-04 	8.10019E-05 	
1.26286E-04 	1.36321E-04 	1.36253E-04 	1.43730E-04 	1.44223E-04 	1.40139E-04 	1.51961E-04 	1.43861E-04 	1.51139E-04 	1.46917E-04 	1.38784E-04 	1.29854E-04 	1.27181E-04 	1.09084E-04 	8.03991E-05 	
1.22257E-04 	1.35023E-04 	1.36683E-04 	1.47676E-04 	1.49549E-04 	1.53809E-04 	1.48066E-04 	1.44675E-04 	1.43405E-04 	1.50656E-04 	1.41320E-04 	1.38881E-04 	1.29931E-04 	1.16725E-04 	7.77834E-05 	
1.24492E-04 	1.33014E-04 	1.38106E-04 	1.44393E-04 	1.49639E-04 	1.56423E-04 	1.48595E-04 	1.50937E-04 	1.49028E-04 	1.50714E-04 	1.45184E-04 	1.38926E-04 	1.28813E-04 	1.12919E-04 	8.45639E-05 	
1.25625E-04 	1.30574E-04 	1.38885E-04 	1.45418E-04 	1.44540E-04 	1.52381E-04 	1.50654E-04 	1.48927E-04 	1.54275E-04 	1.52044E-04 	1.47400E-04 	1.36511E-04 	1.29733E-04 	1.13850E-04 	8.47642E-05 	
1.28909E-04 	1.39001E-04 	1.35899E-04 	1.44522E-04 	1.52773E-04 	1.51114E-04 	1.52718E-04 	1.48396E-04 	1.47078E-04 	1.49324E-04 	1.47797E-04 	1.33986E-04 	1.27850E-04 	1.10388E-04 	7.85989E-05 	
1.18224E-04 	1.35294E-04 	1.38878E-04 	1.49735E-04 	1.49901E-04 	1.55051E-04 	1.47616E-04 	1.54493E-04 	1.48175E-04 	1.50391E-04 	1.54096E-04 	1.38742E-04 	1.38746E-04 	1.14383E-04 	8.43359E-05 	
1.30674E-04 	1.36467E-04 	1.40986E-04 	1.44619E-04 	1.53021E-04 	1.53843E-04 	1.57941E-04 	1.51076E-04 	1.51977E-04 	1.60051E-04 	1.55552E-04 	1.43742E-04 	1.34226E-04 	1.19248E-04 	8.52097E-05 	
1.25872E-04 	1.33814E-04 	1.40353E-04 	1.42611E-04 	1.47003E-04 	1.56985E-04 	1.58486E-04 	1.56233E-04 	1.56287E-04 	1.49031E-04 	1.51659E-04 	1.36609E-04 	1.34239E-04 	1.22712E-04 	8.09158E-05 	
1.31801E-04 	1.35678E-04 	1.36594E-04 	1.46354E-04 	1.49045E-04 	1.57836E-04 	1.54283E-04 	1.54912E-04 	1.57623E-04 	1.53535E-04 	1.53271E-04 	1.43398E-04 	1.33054E-04 	1.12695E-04 	8.48632E-05 	
1.27037E-04 	1.37473E-04 	1.48451E-04 	1.45617E-04 	1.49561E-04 	1.52828E-04 	1.56472E-04 	1.51432E-04 	1.55465E-04 	1.60367E-04 	1.57242E-04 	1.46665E-04 	1.38700E-04 	1.18185E-04 	8.59944E-05 	
1.25785E-04 	1.26367E-04 	1.40994E-04 	1.43047E-04 	1.50555E-04 	1.54432E-04 	1.60784E-04 	1.53849E-04 	1.50634E-04 	1.54516E-04 	1.47392E-04 	1.42789E-04 	1.33141E-04 	1.17421E-04 	7.96353E-05 	
1.24398E-04 	1.37792E-04 	1.46152E-04 	1.45588E-04 	1.43015E-04 	1.54758E-04 	1.55881E-04 	1.57574E-04 	1.60594E-04 	1.50979E-04 	1.61114E-04 	1.45633E-04 	1.40174E-04 	1.25599E-04 	8.38002E-05 	
1.36342E-04 	1.36176E-04 	1.38033E-04 	1.47491E-04 	1.53906E-04 	1.63312E-04 	1.67858E-04 	1.62210E-04 	1.58351E-04 	1.56336E-04 	1.64941E-04 	1.48635E-04 	1.35521E-04 	1.17933E-04 	8.92150E-05 	
1.24800E-04 	1.34971E-04 	1.43965E-04 	1.44215E-04 	1.38426E-04 	1.47196E-04 	1.50724E-04 	1.51719E-04 	1.62386E-04 	1.58883E-04 	1.50345E-04 	1.44120E-04 	1.29086E-04 	1.14042E-04 	8.26972E-05 	
1.28945E-04 	1.31810E-04 	1.45129E-04 	1.38500E-04 	1.44390E-04 	1.49548E-04 	1.53516E-04 	1.50056E-04 	1.53224E-04 	1.54902E-04 	1.48584E-04 	1.46006E-04 	1.34624E-04 	1.13337E-04 	8.08410E-05 	
1.23931E-04 	1.36201E-04 	1.43546E-04 	1.49037E-04 	1.47796E-04 	1.60331E-04 	1.61436E-04 	1.64282E-04 	1.56878E-04 	1.53715E-04 	1.64123E-04 	1.46317E-04 	1.40228E-04 	1.20360E-04 	8.87887E-05 	
1.27566E-04 	1.27422E-04 	1.32296E-04 	1.46256E-04 	1.47137E-04 	1.46784E-04 	1.54833E-04 	1.47615E-04 	1.54588E-04 	1.49069E-04 	1.50711E-04 	1.45020E-04 	1.31245E-04 	1.13158E-04 	8.26255E-05 	
1.16521E-04 	1.25382E-04 	1.29273E-04 	1.35407E-04 	1.28256E-04 	1.41119E-04 	1.46787E-04 	1.38716E-04 	1.49287E-04 	1.48840E-04 	1.42373E-04 	1.41500E-04 	1.23985E-04 	1.11040E-04 	7.42334E-05 	
1.12895E-04 	1.20752E-04 	1.34325E-04 	1.30399E-04 	1.33875E-04 	1.40023E-04 	1.42810E-04 	1.50331E-04 	1.50773E-04 	1.47523E-04 	1.41851E-04 	1.37750E-04 	1.23657E-04 	1.12958E-04 	7.90155E-05 	
1.18038E-04 	1.30279E-04 	1.36776E-04 	1.42694E-04 	1.48256E-04 	1.48941E-04 	1.52773E-04 	1.43800E-04 	1.50510E-04 	1.42377E-04 	1.47727E-04 	1.45890E-04 	1.37010E-04 	1.14466E-04 	8.49221E-05 	
1.30443E-04 	1.22051E-04 	1.33345E-04 	1.49848E-04 	1.39718E-04 	1.49843E-04 	1.53903E-04 	1.56665E-04 	1.60042E-04 	1.58986E-04 	1.62730E-04 	1.45263E-04 	1.32916E-04 	1.19397E-04 	8.31731E-05 	
1.29557E-04 	1.36294E-04 	1.43003E-04 	1.49716E-04 	1.43651E-04 	1.52761E-04 	1.58606E-04 	1.56686E-04 	1.57618E-04 	1.54213E-04 	1.57372E-04 	1.56951E-04 	1.36625E-04 	1.23471E-04 	8.68510E-05 	
1.20755E-04 	1.35502E-04 	1.38785E-04 	1.44247E-04 	1.52142E-04 	1.54078E-04 	1.56837E-04 	1.61170E-04 	1.67242E-04 	1.60824E-04 	1.53005E-04 	1.49505E-04 	1.41150E-04 	1.23001E-04 	8.84631E-05 	
1.24727E-04 	1.32463E-04 	1.36874E-04 	1.48083E-04 	1.48731E-04 	1.51824E-04 	1.54115E-04 	1.58462E-04 	1.65272E-04 	1.66184E-04 	1.61003E-04 	1.53700E-04 	1.44923E-04 	1.19850E-04 	8.56554E-05 	
1.32268E-04 	1.32116E-04 	1.39291E-04 	1.50164E-04 	1.50698E-04 	1.50431E-04 	1.54252E-04 	1.62108E-04 	1.59050E-04 	1.59668E-04 	1.62161E-04 	1.56240E-04 	1.44229E-04 	1.22265E-04 	8.83355E-05 	
1.23052E-04 	1.30762E-04 	1.44422E-04 	1.46140E-04 	1.50510E-04 	1.58898E-04 	1.66678E-04 	1.62620E-04 	1.66309E-04 	1.66645E-04 	1.59591E-04 	1.53158E-04 	1.39382E-04 	1.22405E-04 	9.39850E-05 	
1.23816E-04 	1.39538E-04 	1.31713E-04 	1.54486E-04 	1.50967E-04 	1.50490E-04 	1.55034E-04 	1.59265E-04 	1.64407E-04 	1.68365E-04 	1.61693E-04 	1.60151E-04 	1.54224E-04 	1.28537E-04 	8.91738E-05 	
1.27408E-04 	1.33292E-04 	1.37564E-04 	1.51310E-04 	1.57393E-04 	1.48821E-04 	1.55383E-04 	1.59957E-04 	1.64432E-04 	1.60894E-04 	1.68699E-04 	1.55127E-04 	1.49168E-04 	1.25140E-04 	9.02036E-05 	
1.22714E-04 	1.32522E-04 	1.46061E-04 	1.43330E-04 	1.47402E-04 	1.57748E-04 	1.65467E-04 	1.68565E-04 	1.65594E-04 	1.67830E-04 	1.72290E-04 	1.61145E-04 	1.49502E-04 	1.28422E-04 	8.99610E-05 	
1.19190E-04 	1.41050E-04 	1.49482E-04 	1.50145E-04 	1.51950E-04 	1.60491E-04 	1.62857E-04 	1.63313E-04 	1.74657E-04 	1.72803E-04 	1.71077E-04 	1.59519E-04 	1.55998E-04 	1.25122E-04 	9.47385E-05 	
1.24166E-04 	1.38623E-04 	1.39451E-04 	1.48498E-04 	1.54362E-04 	1.47080E-04 	1.52416E-04 	1.61541E-04 	1.63601E-04 	1.76365E-04 	1.64069E-04 	1.60621E-04 	1.54674E-04 	1.33493E-04 	9.64027E-05 	
1.24064E-04 	1.30818E-04 	1.39572E-04 	1.52131E-04 	1.58117E-04 	1.65723E-04 	1.61984E-04 	1.56784E-04 	1.68013E-04 	1.72854E-04 	1.61310E-04 	1.59916E-04 	1.54655E-04 	1.30424E-04 	9.68219E-05 	
1.20568E-04 	1.27509E-04 	1.43577E-04 	1.50538E-04 	1.50168E-04 	1.59217E-04 	1.60012E-04 	1.74180E-04 	1.63350E-04 	1.73465E-04 	1.72933E-04 	1.60485E-04 	1.55069E-04 	1.31633E-04 	9.33057E-05 	
1.18004E-04 	1.38817E-04 	1.49871E-04 	1.42967E-04 	1.55144E-04 	1.58710E-04 	1.60494E-04 	1.72240E-04 	1.73178E-04 	1.76246E-04 	1.77237E-04 	1.72845E-04 	1.59443E-04 	1.35314E-04 	9.24578E-05 	
1.22807E-04 	1.38618E-04 	1.38601E-04 	1.52630E-04 	1.50494E-04 	1.49062E-04 	1.63688E-04 	1.60547E-04 	1.73638E-04 	1.80717E-04 	1.63176E-04 	1.60041E-04 	1.53725E-04 	1.31677E-04 	9.95935E-05 	
1.18643E-04 	1.29017E-04 	1.39656E-04 	1.53968E-04 	1.51416E-04 	1.59974E-04 	1.59765E-04 	1.62186E-04 	1.71610E-04 	1.75387E-04 	1.73588E-04 	1.62637E-04 	1.55794E-04 	1.39160E-04 	8.97526E-05 	
1.18245E-04 	1.28698E-04 	1.41577E-04 	1.49123E-04 	1.57444E-04 	1.64154E-04 	1.65418E-04 	1.67400E-04 	1.66168E-04 	1.82447E-04 	1.76897E-04 	1.68236E-04 	1.61717E-04 	1.33441E-04 	9.31254E-05 	
1.20000E-04 	1.32631E-04 	1.41846E-04 	1.53654E-04 	1.58297E-04 	1.56309E-04 	1.59085E-04 	1.68182E-04 	1.76946E-04 	1.82766E-04 	1.71529E-04 	1.71331E-04 	1.56146E-04 	1.44423E-04 	1.00491E-04 	
1.20924E-04 	1.31797E-04 	1.36452E-04 	1.48795E-04 	1.54852E-04 	1.55750E-04 	1.64473E-04 	1.63835E-04 	1.65157E-04 	1.82196E-04 	1.73439E-04 	1.67310E-04 	1.63970E-04 	1.33455E-04 	9.57626E-05 	
1.14696E-04 	1.24877E-04 	1.30398E-04 	1.40418E-04 	1.43862E-04 	1.54136E-04 	1.57894E-04 	1.61713E-04 	1.63619E-04 	1.73246E-04 	1.65718E-04 	1.61370E-04 	1.49927E-04 	1.30384E-04 	9.25101E-05 	
1.21773E-04 	1.23693E-04 	1.38352E-04 	1.48902E-04 	1.52586E-04 	1.59026E-04 	1.65245E-04 	1.61809E-04 	1.67278E-04 	1.73601E-04 	1.76030E-04 	1.72494E-04 	1.53752E-04 	1.36425E-04 	9.12417E-05 	
1.19366E-04 	1.32416E-04 	1.32846E-04 	1.42475E-04 	1.58888E-04 	1.62387E-04 	1.55856E-04 	1.69157E-04 	1.74741E-04 	1.82170E-04 	1.77644E-04 	1.77225E-04 	1.64144E-04 	1.45107E-04 	1.01061E-04 	
1.03171E-04 	1.22039E-04 	1.24653E-04 	1.45409E-04 	1.38804E-04 	1.49069E-04 	1.57588E-04 	1.56229E-04 	1.62587E-04 	1.73023E-04 	1.72398E-04 	1.59480E-04 	1.53476E-04 	1.31570E-04 	9.02132E-05 	
1.09042E-04 	1.16211E-04 	1.29236E-04 	1.31925E-04 	1.37968E-04 	1.42000E-04 	1.47230E-04 	1.50251E-04 	1.58187E-04 	1.60014E-04 	1.61262E-04 	1.61760E-04 	1.45706E-04 	1.29107E-04 	8.70762E-05 	
1.08999E-04 	1.17329E-04 	1.21006E-04 	1.32323E-04 	1.43063E-04 	1.53642E-04 	1.47910E-04 	1.52854E-04 	1.65726E-04 	1.57993E-04 	1.62722E-04 	1.67048E-04 	1.51343E-04 	1.30731E-04 	8.62390E-05 	
1.08925E-04 	1.23077E-04 	1.22366E-04 	1.28879E-04 	1.43342E-04 	1.47767E-04 	1.48522E-04 	1.54015E-04 	1.60681E-04 	1.76414E-04 	1.75601E-04 	1.67019E-04 	1.48377E-04 	1.38806E-04 	9.17353E-05 	
1.12013E-04 	1.28228E-04 	1.29190E-04 	1.41895E-04 	1.50631E-04 	1.49811E-04 	1.52765E-04 	1.67134E-04 	1.64541E-04 	1.74105E-04 	1.76000E-04 	1.69724E-04 	1.57940E-04 	1.41502E-04 	9.22857E-05 	
1.20786E-04 	1.17143E-04 	1.30090E-04 	1.37875E-04 	1.48239E-04 	1.55777E-04 	1.58309E-04 	1.60545E-04 	1.79195E-04 	1.71681E-04 	1.77685E-04 	1.76634E-04 	1.57022E-04 	1.38060E-04 	9.99770E-05 	
1.09846E-04 	1.22920E-04 	1.25274E-04 	1.43281E-04 	1.42641E-04 	1.58227E-04 	1.71034E-04 	1.61756E-04 	1.65356E-04 	1.70992E-04 	1.82951E-04 	1.85310E-04 	1.69310E-04 	1.42100E-04 	1.01088E-04 	
1.10882E-04 	1.20169E-04 	1.28745E-04 	1.32806E-04 	1.49941E-04 	1.49294E-04 	1.61229E-04 	1.61398E-04 	1.59975E-04 	1.80752E-04 	1.84262E-04 	1.70784E-04 	1.65248E-04 	1.51583E-04 	9.65740E-05 	
1.12247E-04 	1.27476E-04 	1.28071E-04 	1.34593E-04 	1.47016E-04 	1.53929E-04 	1.56703E-04 	1.65331E-04 	1.71448E-04 	1.70192E-04 	1.78035E-04 	1.77854E-04 	1.61714E-04 	1.38349E-04 	1.02948E-04 	
1.07553E-04 	1.16829E-04 	1.30118E-04 	1.34173E-04 	1.47761E-04 	1.45234E-04 	1.52615E-04 	1.62971E-04 	1.72340E-04 	1.78050E-04 	1.82107E-04 	1.80109E-04 	1.58999E-04 	1.45495E-04 	1.01556E-04 	
1.16022E-04 	1.20085E-04 	1.25694E-04 	1.41384E-04 	1.39379E-04 	1.50352E-04 	1.68021E-04 	1.63889E-04 	1.75508E-04 	1.71052E-04 	1.78262E-04 	1.84822E-04 	1.68131E-04 	1.50730E-04 	1.01675E-04 	
1.10437E-04 	1.19703E-04 	1.25351E-04 	1.28216E-04 	1.48168E-04 	1.48378E-04 	1.60305E-04 	1.61408E-04 	1.66721E-04 	1.76866E-04 	1.77799E-04 	1.83496E-04 	1.70769E-04 	1.55803E-04 	1.01339E-04 	
1.07533E-04 	1.15060E-04 	1.25944E-04 	1.34475E-04 	1.40742E-04 	1.53332E-04 	1.62238E-04 	1.64209E-04 	1.74669E-04 	1.75730E-04 	1.89156E-04 	1.85637E-04 	1.70849E-04 	1.50528E-04 	1.04322E-04 	
1.04318E-04 	1.18949E-04 	1.25879E-04 	1.30379E-04 	1.41909E-04 	1.50565E-04 	1.59276E-04 	1.61227E-04 	1.71293E-04 	1.77253E-04 	1.77379E-04 	1.77450E-04 	1.70875E-04 	1.52743E-04 	1.02500E-04 	
1.04808E-04 	1.13067E-04 	1.21062E-04 	1.27935E-04 	1.36734E-04 	1.51301E-04 	1.59048E-04 	1.68841E-04 	1.68123E-04 	1.80006E-04 	1.76997E-04 	1.88772E-04 	1.70733E-04 	1.58484E-04 	1.04520E-04 	
1.11005E-04 	1.15515E-04 	1.28685E-04 	1.26234E-04 	1.34929E-04 	1.45937E-04 	1.58257E-04 	1.61481E-04 	1.75600E-04 	1.77612E-04 	1.81232E-04 	1.93385E-04 	1.75408E-04 	1.59665E-04 	1.03071E-04 	
1.08918E-04 	1.13263E-04 	1.24916E-04 	1.34356E-04 	1.38555E-04 	1.44459E-04 	1.55855E-04 	1.62595E-04 	1.68626E-04 	1.76407E-04 	1.78913E-04 	1.88760E-04 	1.65542E-04 	1.59431E-04 	1.08756E-04 	
1.04236E-04 	1.16879E-04 	1.16649E-04 	1.37724E-04 	1.35844E-04 	1.46076E-04 	1.60083E-04 	1.66649E-04 	1.70894E-04 	1.82282E-04 	1.81314E-04 	1.87025E-04 	1.76592E-04 	1.49612E-04 	1.05280E-04 	
1.06319E-04 	1.12968E-04 	1.17879E-04 	1.25665E-04 	1.43322E-04 	1.34433E-04 	1.59975E-04 	1.60870E-04 	1.70725E-04 	1.82851E-04 	1.81363E-04 	1.82340E-04 	1.78666E-04 	1.64159E-04 	1.07199E-04 	
1.03650E-04 	1.13461E-04 	1.20727E-04 	1.19359E-04 	1.38332E-04 	1.41446E-04 	1.54578E-04 	1.60040E-04 	1.69002E-04 	1.70864E-04 	1.86415E-04 	1.85143E-04 	1.81211E-04 	1.64161E-04 	1.07877E-04 	
1.13781E-04 	1.09760E-04 	1.23476E-04 	1.24720E-04 	1.31888E-04 	1.46761E-04 	1.49648E-04 	1.61986E-04 	1.67458E-04 	1.70966E-04 	1.75347E-04 	1.82830E-04 	1.74797E-04 	1.61681E-04 	1.08370E-04 	
9.83837E-05 	1.09623E-04 	1.07832E-04 	1.29334E-04 	1.30803E-04 	1.44878E-04 	1.60558E-04 	1.64635E-04 	1.60035E-04 	1.80751E-04 	1.77674E-04 	1.89131E-04 	1.79344E-04 	1.62189E-04 	1.02038E-04 	
1.06969E-04 	1.11345E-04 	1.15160E-04 	1.26233E-04 	1.35145E-04 	1.34350E-04 	1.56296E-04 	1.59227E-04 	1.78554E-04 	1.78622E-04 	1.84038E-04 	1.86040E-04 	1.82787E-04 	1.67210E-04 	1.17295E-04 	
1.03879E-04 	1.10594E-04 	1.17881E-04 	1.24262E-04 	1.25924E-04 	1.40362E-04 	1.47912E-04 	1.58535E-04 	1.61838E-04 	1.76421E-04 	1.86522E-04 	1.81672E-04 	1.83976E-04 	1.67475E-04 	1.14254E-04 	
9.66007E-05 	1.02068E-04 	1.14259E-04 	1.27908E-04 	1.23324E-04 	1.39534E-04 	1.43570E-04 	1.56897E-04 	1.68647E-04 	1.68342E-04 	1.80538E-04 	1.78283E-04 	1.75674E-04 	1.60491E-04 	1.04351E-04 	
1.02108E-04 	1.07915E-04 	1.08720E-04 	1.18335E-04 	1.18342E-04 	1.36814E-04 	1.38419E-04 	1.58758E-04 	1.58362E-04 	1.59291E-04 	1.70725E-04 	1.73592E-04 	1.73775E-04 	1.60065E-04 	1.00410E-04 	
1.03644E-04 	1.03601E-04 	1.10445E-04 	1.19303E-04 	1.31722E-04 	1.37993E-04 	1.50387E-04 	1.50384E-04 	1.59762E-04 	1.75936E-04 	1.77288E-04 	1.76540E-04 	1.79037E-04 	1.61511E-04 	1.11303E-04 	
1.02301E-04 	1.01513E-04 	1.13614E-04 	1.15632E-04 	1.20849E-04 	1.39596E-04 	1.48582E-04 	1.52994E-04 	1.65846E-04 	1.74303E-04 	1.83975E-04 	1.87769E-04 	1.89475E-04 	1.76445E-04 	1.11286E-04 	
8.97759E-05 	9.91724E-05 	1.04976E-04 	1.12791E-04 	1.18045E-04 	1.24821E-04 	1.30058E-04 	1.44326E-04 	1.45546E-04 	1.60235E-04 	1.73044E-04 	1.73909E-04 	1.56472E-04 	1.59415E-04 	1.09343E-04 	
8.93155E-05 	8.63936E-05 	9.38921E-05 	1.00548E-04 	1.10295E-04 	1.25886E-04 	1.27843E-04 	1.42135E-04 	1.47209E-04 	1.47549E-04 	1.63400E-04 	1.80521E-04 	1.72711E-04 	1.53158E-04 	9.84795E-05 	
8.79481E-05 	9.20912E-05 	9.34199E-05 	1.02436E-04 	1.14978E-04 	1.13498E-04 	1.20999E-04 	1.46382E-04 	1.45204E-04 	1.47992E-04 	1.56490E-04 	1.64686E-04 	1.70265E-04 	1.54026E-04 	1.05728E-04 	
9.27732E-05 	9.66554E-05 	1.03648E-04 	1.14922E-04 	1.12104E-04 	1.24946E-04 	1.30245E-04 	1.33374E-04 	1.45133E-04 	1.48335E-04 	1.57549E-04 	1.66914E-04 	1.64463E-04 	1.57303E-04 	1.01970E-04 	
9.03930E-05 	1.03965E-04 	9.30010E-05 	1.10983E-04 	1.13452E-04 	1.26709E-04 	1.34922E-04 	1.41184E-04 	1.53305E-04 	1.57524E-04 	1.67325E-04 	1.82455E-04 	1.74295E-04 	1.69779E-04 	1.17128E-04 	
9.95398E-05 	1.03963E-04 	1.03371E-04 	1.06515E-04 	1.08224E-04 	1.19017E-04 	1.31755E-04 	1.47937E-04 	1.51405E-04 	1.59976E-04 	1.69747E-04 	1.81408E-04 	1.74407E-04 	1.55334E-04 	1.18089E-04 	
9.37710E-05 	9.12607E-05 	9.81909E-05 	1.05752E-04 	1.17921E-04 	1.16955E-04 	1.26173E-04 	1.35843E-04 	1.50808E-04 	1.62489E-04 	1.68349E-04 	1.76570E-04 	1.79937E-04 	1.69316E-04 	1.08484E-04 	
9.07007E-05 	9.25859E-05 	9.49894E-05 	1.11718E-04 	1.06347E-04 	1.27604E-04 	1.25507E-04 	1.40015E-04 	1.38272E-04 	1.48266E-04 	1.63408E-04 	1.71371E-04 	1.80330E-04 	1.78087E-04 	1.10999E-04 	
8.93958E-05 	9.07140E-05 	9.81865E-05 	9.82872E-05 	1.13995E-04 	1.17462E-04 	1.29219E-04 	1.36278E-04 	1.40871E-04 	1.61111E-04 	1.69948E-04 	1.79692E-04 	1.71059E-04 	1.67485E-04 	1.15915E-04 	
8.56343E-05 	1.03099E-04 	9.45227E-05 	9.93704E-05 	1.07526E-04 	1.14783E-04 	1.18969E-04 	1.39675E-04 	1.44908E-04 	1.55013E-04 	1.58485E-04 	1.78073E-04 	1.72964E-04 	1.64435E-04 	1.18262E-04 	
8.39380E-05 	8.99899E-05 	1.00294E-04 	9.55856E-05 	1.09740E-04 	1.14024E-04 	1.17864E-04 	1.26040E-04 	1.40207E-04 	1.54458E-04 	1.67710E-04 	1.69280E-04 	1.79741E-04 	1.66556E-04 	1.17624E-04 	
8.09793E-05 	8.74554E-05 	8.82218E-05 	9.75950E-05 	1.01988E-04 	1.12223E-04 	1.17418E-04 	1.28530E-04 	1.39112E-04 	1.43944E-04 	1.59444E-04 	1.74973E-04 	1.73694E-04 	1.77019E-04 	1.18195E-04 	
8.07780E-05 	9.12997E-05 	9.10693E-05 	9.53922E-05 	1.00977E-04 	1.13596E-04 	1.19877E-04 	1.26376E-04 	1.38712E-04 	1.47257E-04 	1.58758E-04 	1.63288E-04 	1.78899E-04 	1.74833E-04 	1.12283E-04 	
8.11802E-05 	8.55459E-05 	8.20682E-05 	9.29281E-05 	1.02350E-04 	1.01166E-04 	1.11640E-04 	1.34435E-04 	1.30148E-04 	1.37111E-04 	1.51668E-04 	1.64381E-04 	1.72563E-04 	1.67454E-04 	1.13555E-04 	
7.87501E-05 	8.93812E-05 	9.62860E-05 	9.07619E-05 	9.97890E-05 	1.07920E-04 	1.14201E-04 	1.22342E-04 	1.36086E-04 	1.45599E-04 	1.53503E-04 	1.65588E-04 	1.73890E-04 	1.58847E-04 	1.24957E-04 	
7.73971E-05 	8.56457E-05 	8.32169E-05 	9.22328E-05 	9.79190E-05 	1.05816E-04 	1.13990E-04 	1.15786E-04 	1.24591E-04 	1.37651E-04 	1.48804E-04 	1.64415E-04 	1.69669E-04 	1.60889E-04 	1.16412E-04 	
7.65203E-05 	7.90298E-05 	8.27394E-05 	9.28853E-05 	9.32229E-05 	1.05855E-04 	1.09442E-04 	1.17871E-04 	1.27704E-04 	1.40581E-04 	1.40856E-04 	1.61961E-04 	1.64303E-04 	1.68027E-04 	1.22732E-04 	
7.61414E-05 	7.87477E-05 	8.77226E-05 	7.88027E-05 	8.72206E-05 	9.95737E-05 	1.11712E-04 	1.17504E-04 	1.26514E-04 	1.26755E-04 	1.50606E-04 	1.55192E-04 	1.64896E-04 	1.68862E-04 	1.13592E-04 	
7.15247E-05 	7.32085E-05 	8.44990E-05 	8.96409E-05 	8.64573E-05 	9.88092E-05 	1.04820E-04 	1.16498E-04 	1.18053E-04 	1.27280E-04 	1.32573E-04 	1.53697E-04 	1.71462E-04 	1.57945E-04 	1.15521E-04 	
6.93314E-05 	7.95779E-05 	8.15224E-05 	7.85911E-05 	9.24603E-05 	9.07690E-05 	9.69771E-05 	1.08824E-04 	1.15351E-04 	1.27598E-04 	1.30285E-04 	1.45275E-04 	1.54949E-04 	1.63278E-04 	1.21294E-04 	
6.04217E-05 	7.67273E-05 	7.55189E-05 	8.78287E-05 	8.21017E-05 	9.07056E-05 	1.01685E-04 	1.07187E-04 	1.05316E-04 	1.27863E-04 	1.30411E-04 	1.41606E-04 	1.53626E-04 	1.58712E-04 	1.24922E-04 	
6.56718E-05 	6.82299E-05 	7.74512E-05 	7.45933E-05 	8.11705E-05 	8.00204E-05 	9.86183E-05 	1.02475E-04 	1.13625E-04 	1.24908E-04 	1.30565E-04 	1.50983E-04 	1.57500E-04 	1.52428E-04 	1.17485E-04 	
6.77272E-05 	6.70389E-05 	7.32153E-05 	7.81066E-05 	8.50997E-05 	7.99525E-05 	9.74845E-05 	9.70022E-05 	1.06480E-04 	1.11324E-04 	1.24458E-04 	1.36767E-04 	1.48014E-04 	1.53738E-04 	1.16959E-04 	
5.97190E-05 	6.07404E-05 	7.45635E-05 	7.12097E-05 	8.18758E-05 	8.12704E-05 	8.40485E-05 	9.76106E-05 	1.07305E-04 	1.05187E-04 	1.26636E-04 	1.34345E-04 	1.53383E-04 	1.52527E-04 	1.10155E-04 	
6.07717E-05 	6.26251E-05 	7.08398E-05 	7.52622E-05 	7.23618E-05 	7.89986E-05 	9.14575E-05 	9.16053E-05 	9.60011E-05 	1.04363E-04 	1.15501E-04 	1.23043E-04 	1.36306E-04 	1.50712E-04 	1.19159E-04 	
5.86130E-05 	6.09482E-05 	6.96809E-05 	6.70957E-05 	6.47211E-05 	7.33964E-05 	7.45785E-05 	8.32877E-05 	9.31691E-05 	1.06354E-04 	1.14645E-04 	1.20345E-04 	1.39993E-04 	1.35707E-04 	1.15036E-04 	
5.75792E-05 	5.90030E-05 	5.78290E-05 	6.58890E-05 	6.81891E-05 	6.62768E-05 	8.06917E-05 	8.53280E-05 	9.42053E-05 	9.99901E-05 	1.09915E-04 	1.12290E-04 	1.22642E-04 	1.33431E-04 	1.08175E-04 	
5.14082E-05 	5.66924E-05 	5.70875E-05 	6.50840E-05 	6.51255E-05 	6.80682E-05 	7.20410E-05 	8.32790E-05 	8.91382E-05 	8.89675E-05 	9.82982E-05 	1.18135E-04 	1.27661E-04 	1.32568E-04 	1.10436E-04 	
5.14164E-05 	4.98200E-05 	5.84256E-05 	5.57945E-05 	6.76948E-05 	6.79436E-05 	6.39093E-05 	7.38780E-05 	8.35768E-05 	8.63266E-05 	9.90825E-05 	1.04239E-04 	1.23254E-04 	1.23447E-04 	1.08778E-04 	
4.69819E-05 	5.09669E-05 	5.37434E-05 	5.86307E-05 	5.80595E-05 	6.00655E-05 	6.22414E-05 	6.79070E-05 	8.02892E-05 	8.29211E-05 	9.45293E-05 	9.87056E-05 	1.08352E-04 	1.19461E-04 	1.01199E-04 	
4.41859E-05 	4.85702E-05 	4.54307E-05 	4.91933E-05 	5.65335E-05 	5.53133E-05 	6.06667E-05 	6.79851E-05 	6.87918E-05 	7.99482E-05 	7.90859E-05 	9.13140E-05 	9.88672E-05 	1.13382E-04 	9.13213E-05 	
4.14807E-05 	4.42419E-05 	4.40791E-05 	4.53415E-05 	4.81757E-05 	5.29545E-05 	5.98833E-05 	5.73289E-05 	5.90269E-05 	7.36506E-05 	7.94217E-05 	8.17285E-05 	9.26902E-05 	1.04681E-04 	8.43214E-05 	
4.52435E-05 	3.34944E-05 	4.16089E-05 	4.26404E-05 	4.39689E-05 	4.23492E-05 	5.23077E-05 	5.66224E-05 	6.00287E-05 	6.49956E-05 	7.52355E-05 	8.15647E-05 	9.15645E-05 	1.00316E-04 	9.26069E-05 	
3.81617E-05 	3.48262E-05 	4.09706E-05 	4.14735E-05 	4.42736E-05 	4.27878E-05 	4.86599E-05 	4.54731E-05 	4.83008E-05 	6.12292E-05 	6.50951E-05 	6.84035E-05 	8.59272E-05 	8.81936E-05 	8.54330E-05 	
2.59051E-05 	3.34445E-05 	2.98494E-05 	3.43249E-05 	4.30943E-05 	4.15481E-05 	3.53467E-05 	4.37592E-05 	4.90739E-05 	4.86474E-05 	4.90337E-05 	6.23277E-05 	6.89663E-05 	7.09070E-05 	6.68833E-05 	
2.80292E-05 	3.02643E-05 	3.21865E-05 	3.33358E-05 	3.51907E-05 	3.68849E-05 	3.80587E-05 	3.98854E-05 	4.26636E-05 	5.15545E-05 	5.39084E-05 	5.64814E-05 	6.35584E-05 	7.39357E-05 	7.15066E-05 	
2.57619E-05 	2.85707E-05 	2.72476E-05 	3.00031E-05 	3.24449E-05 	3.80283E-05 	3.84711E-05 	4.29147E-05 	4.31226E-05 	4.44075E-05 	5.09993E-05 	5.81876E-05 	5.90238E-05 	7.16793E-05 	6.59400E-05 	
2.46194E-05 	2.51426E-05 	2.75098E-05 	2.82723E-05 	2.89843E-05 	2.77767E-05 	3.45242E-05 	3.40132E-05 	3.85752E-05 	4.64737E-05 	4.56775E-05 	5.63407E-05 	6.18330E-05 	6.87014E-05 	7.44468E-05 	
2.37758E-05 	2.37458E-05 	2.33134E-05 	2.49373E-05 	2.58766E-05 	2.79190E-05 	3.12605E-05 	3.09381E-05 	3.89372E-05 	3.95187E-05 	4.75352E-05 	4.87005E-05 	5.83011E-05 	6.36044E-05 	7.68424E-05 	
1.88658E-07 	1.88948E-07 	3.77504E-07 	2.55180E-07 	1.96734E-07 	1.88593E-07 	4.88227E-07 	3.28434E-07 	5.66833E-07 	1.89022E-07 	1.88752E-07 	5.66438E-07 	3.14002E-07 	0.00000E+00 	0.00000E+00 	
2.03651E-07 	2.12836E-07 	2.55557E-07 	5.87297E-07 	3.59093E-07 	0.00000E+00 	0.00000E+00 	2.67579E-07 	1.89381E-07 	0.00000E+00 	3.78308E-07 	6.99743E-07 	0.00000E+00 	1.89090E-07 	1.36481E-08 	
1.89914E-07 	8.22963E-08 	5.19430E-08 	1.71965E-07 	2.57150E-07 	3.50288E-07 	1.70677E-07 	1.89970E-07 	1.06088E-07 	0.00000E+00 	1.90003E-07 	0.00000E+00 	5.50045E-07 	0.00000E+00 	0.00000E+00 	
1.06034E-07 	4.46442E-08 	0.00000E+00 	1.90089E-07 	1.78651E-09 	3.80597E-07 	5.66902E-07 	1.90475E-07 	1.90067E-07 	1.90165E-07 	3.80759E-07 	6.73848E-07 	9.01995E-08 	0.00000E+00 	0.00000E+00 	
0.00000E+00 	1.90706E-07 	4.75938E-07 	8.22258E-08 	3.81500E-07 	0.00000E+00 	2.06254E-07 	0.00000E+00 	2.42377E-07 	3.51779E-07 	3.81310E-07 	3.81323E-07 	5.15976E-07 	1.90917E-07 	0.00000E+00 	
5.16716E-07 	1.43729E-08 	1.91243E-07 	3.82698E-07 	7.26729E-07 	2.72086E-08 	9.55762E-07 	6.33904E-09 	4.89085E-07 	1.29256E-07 	3.82813E-07 	2.32986E-07 	4.12199E-07 	1.91434E-07 	1.97980E-07 	
1.91619E-07 	6.64376E-09 	0.00000E+00 	2.93477E-07 	3.83534E-07 	1.91833E-07 	0.00000E+00 	3.83686E-07 	1.91898E-07 	1.91776E-07 	0.00000E+00 	0.00000E+00 	5.04022E-07 	0.00000E+00 	1.91553E-07 	
0.00000E+00 	1.92160E-07 	1.92410E-07 	2.95247E-07 	6.59927E-07 	2.37892E-07 	3.84626E-07 	1.99236E-07 	5.78623E-08 	8.73164E-08 	0.00000E+00 	1.92442E-07 	0.00000E+00 	8.28127E-08 	1.70454E-07 	
1.92715E-07 	1.92711E-07 	3.86561E-07 	1.16402E-07 	0.00000E+00 	0.00000E+00 	1.92638E-07 	2.75298E-07 	0.00000E+00 	1.93002E-07 	5.78445E-07 	3.85593E-07 	5.78130E-07 	0.00000E+00 	0.00000E+00 	
1.97774E-07 	2.38949E-07 	4.17809E-07 	8.20661E-08 	0.00000E+00 	2.01012E-07 	1.93344E-07 	2.26132E-07 	7.21941E-07 	1.93200E-07 	3.65179E-07 	4.35897E-07 	3.86911E-07 	0.00000E+00 	0.00000E+00 	
2.92552E-07 	1.93560E-07 	8.08246E-08 	1.93921E-07 	5.81220E-07 	3.87831E-07 	4.41444E-07 	1.93885E-07 	0.00000E+00 	1.93633E-07 	3.87318E-07 	4.45079E-07 	1.93955E-07 	3.08908E-07 	3.87582E-07 	
3.88577E-07 	1.94236E-07 	5.81244E-09 	3.10717E-07 	4.21189E-07 	2.32932E-07 	1.98668E-07 	1.97476E-07 	3.27273E-07 	5.83377E-07 	0.00000E+00 	1.94473E-07 	4.24650E-08 	1.94134E-07 	1.94504E-07 	
3.86629E-07 	1.77884E-08 	0.00000E+00 	1.94945E-07 	1.94892E-07 	8.08339E-07 	1.96667E-07 	3.89435E-07 	6.02711E-07 	2.21000E-07 	1.06177E-07 	2.64155E-07 	5.98004E-07 	1.73339E-07 	0.00000E+00 	
1.91382E-07 	1.95169E-07 	1.95263E-07 	5.04976E-07 	2.00732E-07 	7.21326E-08 	0.00000E+00 	1.95213E-07 	1.95485E-07 	1.95274E-07 	1.95161E-07 	3.45881E-07 	3.90759E-07 	6.27301E-07 	1.95178E-07 	
2.85955E-07 	1.95894E-07 	2.45396E-07 	2.07320E-07 	1.08149E-07 	6.76487E-07 	4.05514E-07 	7.38866E-07 	2.54017E-07 	0.00000E+00 	3.91953E-07 	5.87562E-07 	3.19799E-08 	2.35808E-07 	1.96041E-07 	
1.17010E-07 	0.00000E+00 	3.92778E-07 	0.00000E+00 	0.00000E+00 	5.01714E-08 	4.95464E-07 	3.39581E-09 	5.38411E-07 	0.00000E+00 	1.96136E-07 	1.96505E-07 	1.18223E-07 	2.13423E-07 	1.96061E-07 	
2.59733E-07 	3.68282E-07 	6.09559E-07 	2.34466E-07 	5.33034E-07 	4.08574E-07 	1.97050E-07 	1.82361E-07 	1.96879E-07 	3.03719E-07 	1.55392E-08 	2.31211E-07 	3.66916E-07 	0.00000E+00 	0.00000E+00 	
6.52072E-07 	3.03876E-07 	0.00000E+00 	8.47726E-08 	2.87919E-07 	0.00000E+00 	1.22827E-07 	2.06473E-07 	3.94099E-07 	1.18338E-06 	2.70984E-07 	3.94159E-07 	0.00000E+00 	4.73746E-07 	3.67823E-07 	
2.27164E-07 	8.01378E-08 	1.97950E-07 	4.54711E-07 	1.97665E-07 	5.93836E-07 	1.97612E-07 	3.95635E-07 	5.96084E-07 	2.07460E-07 	2.46966E-07 	7.91309E-07 	7.79824E-07 	7.90922E-07 	4.90084E-07 	
1.98301E-07 	9.43637E-08 	0.00000E+00 	3.47494E-08 	0.00000E+00 	6.39311E-07 	3.96832E-07 	1.98405E-07 	1.98467E-07 	1.51104E-07 	3.91900E-07 	5.85546E-07 	3.26825E-07 	0.00000E+00 	5.04287E-07 	
1.98832E-07 	0.00000E+00 	0.00000E+00 	3.97862E-07 	0.00000E+00 	1.98580E-07 	1.99007E-07 	3.97398E-07 	0.00000E+00 	0.00000E+00 	1.98696E-07 	0.00000E+00 	1.98590E-07 	0.00000E+00 	0.00000E+00 	
0.00000E+00 	5.98012E-07 	1.99566E-07 	5.97653E-07 	1.99509E-07 	1.99163E-07 	3.98785E-07 	1.99200E-07 	0.00000E+00 	3.98693E-07 	0.00000E+00 	0.00000E+00 	1.99288E-07 	1.99365E-07 	0.00000E+00 	
0.00000E+00 	0.00000E+00 	0.00000E+00 	3.99243E-07 	0.00000E+00 	0.00000E+00 	0.00000E+00 	1.99768E-07 	0.00000E+00 	1.99754E-07 	0.00000E+00 	0.00000E+00 	0.00000E+00 	5.99163E-07 	0.00000E+00 	
1.23797E-06 	9.97187E-07 	2.01891E-07 	1.07079E-06 	1.09561E-06 	1.49983E-06 	1.52755E-06 	8.40702E-07 	1.76340E-06 	1.58223E-06 	1.83743E-06 	1.43380E-06 	1.77761E-06 	8.31310E-07 	2.52415E-06 	
