0.00000E+00 	0.00000E+00 	0.00000E+00 	0.00000E+00 	0.00000E+00 	0.00000E+00 	0.00000E+00 	0.00000E+00 	0.00000E+00 	0.00000E+00 	0.00000E+00 	0.00000E+00 	0.00000E+00 	0.00000E+00 	0.00000E+00 	
6.47956E-07 	7.53407E-07 	8.13795E-07 	8.50964E-07 	8.78467E-07 	9.03021E-07 	9.19205E-07 	9.24703E-07 	9.24463E-07 	9.20986E-07 	9.04279E-07 	8.70968E-07 	8.14433E-07 	7.24434E-07 	5.27527E-07 	
1.28336E-06 	1.51639E-06 	1.64150E-06 	1.71461E-06 	1.76699E-06 	1.82135E-06 	1.85579E-06 	1.86589E-06 	1.87032E-06 	1.86589E-06 	1.83105E-06 	1.76215E-06 	1.64198E-06 	1.46483E-06 	1.05352E-06 	
1.73824E-06 	2.09402E-06 	2.27542E-06 	2.38087E-06 	2.45578E-06 	2.53995E-06 	2.57843E-06 	2.59969E-06 	2.60432E-06 	2.60178E-06 	2.54670E-06 	2.45154E-06 	2.28650E-06 	2.03351E-06 	1.43838E-06 	
2.13921E-06 	2.61754E-06 	2.86271E-06 	3.00739E-06 	3.10468E-06 	3.20086E-06 	3.25817E-06 	3.29804E-06 	3.28796E-06 	3.30011E-06 	3.21487E-06 	3.09727E-06 	2.89168E-06 	2.56898E-06 	1.78881E-06 	
2.44795E-06 	3.04642E-06 	3.33954E-06 	3.51154E-06 	3.66105E-06 	3.76214E-06 	3.83972E-06 	3.86458E-06 	3.85175E-06 	3.89139E-06 	3.78361E-06 	3.63803E-06 	3.39402E-06 	3.01747E-06 	2.06999E-06 	
2.76791E-06 	3.49740E-06 	3.84198E-06 	4.07067E-06 	4.22352E-06 	4.34496E-06 	4.44292E-06 	4.47835E-06 	4.45576E-06 	4.49480E-06 	4.38595E-06 	4.20339E-06 	3.92848E-06 	3.47529E-06 	2.37889E-06 	
3.04763E-06 	3.90024E-06 	4.32470E-06 	4.57288E-06 	4.75605E-06 	4.87872E-06 	5.03261E-06 	5.05295E-06 	5.00383E-06 	5.06451E-06 	4.94302E-06 	4.70861E-06 	4.43198E-06 	3.87501E-06 	2.66546E-06 	
3.32494E-06 	4.31138E-06 	4.84328E-06 	5.11976E-06 	5.33084E-06 	5.46744E-06 	5.65863E-06 	5.67976E-06 	5.64997E-06 	5.66989E-06 	5.52563E-06 	5.24595E-06 	4.94862E-06 	4.29349E-06 	2.93818E-06 	
3.49367E-06 	4.58219E-06 	5.12665E-06 	5.43680E-06 	5.71898E-06 	5.84217E-06 	6.05637E-06 	6.07285E-06 	6.00442E-06 	6.09289E-06 	5.89569E-06 	5.58304E-06 	5.31616E-06 	4.59227E-06 	3.10815E-06 	
3.74167E-06 	4.92866E-06 	5.57578E-06 	5.91379E-06 	6.26565E-06 	6.39272E-06 	6.61140E-06 	6.65449E-06 	6.60001E-06 	6.60072E-06 	6.42340E-06 	6.09898E-06 	5.76056E-06 	4.99722E-06 	3.35924E-06 	
3.96176E-06 	5.25541E-06 	6.01699E-06 	6.37505E-06 	6.74391E-06 	6.93215E-06 	7.13847E-06 	7.20584E-06 	7.11047E-06 	7.13697E-06 	6.95424E-06 	6.60149E-06 	6.18403E-06 	5.37261E-06 	3.60986E-06 	
4.15539E-06 	5.54426E-06 	6.42986E-06 	6.76956E-06 	7.18720E-06 	7.40387E-06 	7.63051E-06 	7.71302E-06 	7.58824E-06 	7.62088E-06 	7.42621E-06 	7.08283E-06 	6.56888E-06 	5.68923E-06 	3.83679E-06 	
4.36591E-06 	5.80664E-06 	6.82134E-06 	7.13246E-06 	7.61440E-06 	7.87348E-06 	8.09977E-06 	8.16390E-06 	8.05096E-06 	8.05921E-06 	7.82629E-06 	7.55957E-06 	6.94260E-06 	6.00903E-06 	4.02676E-06 	
4.52686E-06 	6.14807E-06 	7.26143E-06 	7.56174E-06 	8.00715E-06 	8.39990E-06 	8.57505E-06 	8.68898E-06 	8.58590E-06 	8.52844E-06 	8.32566E-06 	8.06264E-06 	7.32174E-06 	6.35594E-06 	4.27032E-06 	
4.82941E-06 	6.50531E-06 	7.69730E-06 	8.09221E-06 	8.54486E-06 	8.91100E-06 	9.20281E-06 	9.24966E-06 	9.14936E-06 	9.14230E-06 	8.83898E-06 	8.54152E-06 	7.75755E-06 	6.79365E-06 	4.55284E-06 	
5.02260E-06 	6.88075E-06 	8.09389E-06 	8.42587E-06 	8.91632E-06 	9.44654E-06 	9.67656E-06 	9.73679E-06 	9.61504E-06 	9.58510E-06 	9.27465E-06 	8.97032E-06 	8.16867E-06 	7.16645E-06 	4.72156E-06 	
5.07720E-06 	6.91407E-06 	8.14201E-06 	8.51164E-06 	9.03617E-06 	9.51662E-06 	9.69200E-06 	9.81211E-06 	9.72592E-06 	9.60632E-06 	9.39134E-06 	8.99682E-06 	8.26388E-06 	7.13055E-06 	4.76481E-06 	
5.28493E-06 	7.33151E-06 	8.74882E-06 	9.11081E-06 	9.65716E-06 	1.00538E-05 	1.03953E-05 	1.05020E-05 	1.03664E-05 	1.02439E-05 	1.00732E-05 	9.62936E-06 	8.83054E-06 	7.58867E-06 	5.04254E-06 	
5.62547E-06 	7.86663E-06 	9.38017E-06 	9.77615E-06 	1.03625E-05 	1.07659E-05 	1.11616E-05 	1.12334E-05 	1.12089E-05 	1.10356E-05 	1.07711E-05 	1.02718E-05 	9.46030E-06 	8.13556E-06 	5.37983E-06 	
5.48640E-06 	7.69569E-06 	9.13125E-06 	9.52926E-06 	1.01497E-05 	1.05260E-05 	1.08730E-05 	1.08579E-05 	1.09612E-05 	1.07807E-05 	1.05766E-05 	1.00445E-05 	9.17936E-06 	7.91723E-06 	5.24407E-06 	
6.10089E-06 	8.52610E-06 	1.00513E-05 	1.05204E-05 	1.13040E-05 	1.17678E-05 	1.21602E-05 	1.19477E-05 	1.23029E-05 	1.19908E-05 	1.17872E-05 	1.11398E-05 	1.02563E-05 	8.85140E-06 	5.83286E-06 	
5.95161E-06 	8.19797E-06 	9.78831E-06 	1.01077E-05 	1.08915E-05 	1.13679E-05 	1.18412E-05 	1.15383E-05 	1.18194E-05 	1.16453E-05 	1.14088E-05 	1.06805E-05 	9.93994E-06 	8.44031E-06 	5.61581E-06 	
6.47409E-06 	9.09762E-06 	1.06520E-05 	1.11159E-05 	1.18846E-05 	1.25438E-05 	1.31118E-05 	1.26520E-05 	1.31114E-05 	1.28227E-05 	1.26140E-05 	1.17664E-05 	1.08209E-05 	9.36627E-06 	6.23485E-06 	
6.27887E-06 	8.83608E-06 	1.02525E-05 	1.10059E-05 	1.16435E-05 	1.21873E-05 	1.25859E-05 	1.23764E-05 	1.26559E-05 	1.24215E-05 	1.22176E-05 	1.14585E-05 	1.05607E-05 	9.10724E-06 	6.05647E-06 	
6.94255E-06 	9.72390E-06 	1.12613E-05 	1.21145E-05 	1.27459E-05 	1.33855E-05 	1.38794E-05 	1.35440E-05 	1.40294E-05 	1.36178E-05 	1.36160E-05 	1.25532E-05 	1.16065E-05 	1.00553E-05 	6.74531E-06 	
6.57411E-06 	9.21794E-06 	1.07699E-05 	1.15007E-05 	1.21085E-05 	1.27777E-05 	1.33586E-05 	1.27865E-05 	1.33826E-05 	1.28848E-05 	1.28573E-05 	1.18586E-05 	1.10175E-05 	9.52741E-06 	6.39825E-06 	
7.37481E-06 	1.03652E-05 	1.21829E-05 	1.28991E-05 	1.36956E-05 	1.44223E-05 	1.50184E-05 	1.43354E-05 	1.49799E-05 	1.45848E-05 	1.43853E-05 	1.32693E-05 	1.23582E-05 	1.05870E-05 	7.15741E-06 	
6.86984E-06 	9.71270E-06 	1.12982E-05 	1.20803E-05 	1.26713E-05 	1.34572E-05 	1.37709E-05 	1.36227E-05 	1.38742E-05 	1.36001E-05 	1.35578E-05 	1.24587E-05 	1.14729E-05 	9.90153E-06 	6.68506E-06 	
7.70323E-06 	1.09042E-05 	1.24910E-05 	1.33638E-05 	1.41086E-05 	1.48937E-05 	1.53597E-05 	1.52469E-05 	1.55179E-05 	1.51915E-05 	1.49835E-05 	1.40208E-05 	1.28274E-05 	1.10564E-05 	7.48211E-06 	
7.49560E-06 	1.06902E-05 	1.22815E-05 	1.31264E-05 	1.37667E-05 	1.47177E-05 	1.51547E-05 	1.49187E-05 	1.52933E-05 	1.49543E-05 	1.46841E-05 	1.37087E-05 	1.25948E-05 	1.08783E-05 	7.46649E-06 	
7.62216E-06 	1.08749E-05 	1.24725E-05 	1.33626E-05 	1.39572E-05 	1.50698E-05 	1.52753E-05 	1.51641E-05 	1.54846E-05 	1.53188E-05 	1.48390E-05 	1.39980E-05 	1.27234E-05 	1.11644E-05 	7.57788E-06 	
8.38303E-06 	1.19641E-05 	1.36512E-05 	1.46022E-05 	1.52286E-05 	1.65894E-05 	1.66362E-05 	1.66195E-05 	1.67390E-05 	1.66203E-05 	1.62949E-05 	1.53742E-05 	1.38237E-05 	1.19845E-05 	8.31813E-06 	
7.80146E-06 	1.11277E-05 	1.26361E-05 	1.36047E-05 	1.41507E-05 	1.52681E-05 	1.54712E-05 	1.54628E-05 	1.55697E-05 	1.53425E-05 	1.50451E-05 	1.41633E-05 	1.29721E-05 	1.10983E-05 	7.83717E-06 	
8.45204E-06 	1.19678E-05 	1.37799E-05 	1.48238E-05 	1.53979E-05 	1.65335E-05 	1.68700E-05 	1.67213E-05 	1.70548E-05 	1.67633E-05 	1.64132E-05 	1.51393E-05 	1.40821E-05 	1.19253E-05 	8.35018E-06 	
9.06360E-06 	1.27968E-05 	1.44901E-05 	1.58444E-05 	1.61348E-05 	1.75765E-05 	1.78503E-05 	1.77767E-05 	1.76448E-05 	1.78782E-05 	1.74310E-05 	1.61116E-05 	1.48775E-05 	1.25200E-05 	8.80544E-06 	
8.27821E-06 	1.16030E-05 	1.34488E-05 	1.44326E-05 	1.49523E-05 	1.62157E-05 	1.64052E-05 	1.63645E-05 	1.62380E-05 	1.63345E-05 	1.59424E-05 	1.47737E-05 	1.36350E-05 	1.16336E-05 	8.19031E-06 	
9.05430E-06 	1.26026E-05 	1.44989E-05 	1.57136E-05 	1.63344E-05 	1.74852E-05 	1.80168E-05 	1.78437E-05 	1.79845E-05 	1.80086E-05 	1.72826E-05 	1.60987E-05 	1.48156E-05 	1.24543E-05 	9.15455E-06 	
9.78930E-06 	1.33917E-05 	1.52924E-05 	1.67348E-05 	1.73061E-05 	1.85018E-05 	1.91081E-05 	1.91968E-05 	1.89684E-05 	1.90996E-05 	1.82660E-05 	1.70657E-05 	1.58770E-05 	1.34699E-05 	9.60413E-06 	
9.20755E-06 	1.25231E-05 	1.44430E-05 	1.55768E-05 	1.60626E-05 	1.70607E-05 	1.80075E-05 	1.79183E-05 	1.76778E-05 	1.75244E-05 	1.70385E-05 	1.58951E-05 	1.48445E-05 	1.25776E-05 	9.12768E-06 	
9.75484E-06 	1.31149E-05 	1.50246E-05 	1.64208E-05 	1.68078E-05 	1.78599E-05 	1.85759E-05 	1.87051E-05 	1.88573E-05 	1.84252E-05 	1.80254E-05 	1.66902E-05 	1.54806E-05 	1.32197E-05 	9.47675E-06 	
1.09432E-05 	1.38873E-05 	1.63039E-05 	1.76068E-05 	1.85837E-05 	1.91102E-05 	2.00125E-05 	2.03079E-05 	2.02476E-05 	1.99060E-05 	1.93662E-05 	1.78546E-05 	1.65149E-05 	1.42966E-05 	1.02842E-05 	
1.09142E-05 	1.39633E-05 	1.61017E-05 	1.74021E-05 	1.84734E-05 	1.90769E-05 	2.00795E-05 	2.01018E-05 	2.00111E-05 	1.99441E-05 	1.91556E-05 	1.80461E-05 	1.62988E-05 	1.42241E-05 	1.04485E-05 	
1.01434E-05 	1.31426E-05 	1.51556E-05 	1.63647E-05 	1.73311E-05 	1.79922E-05 	1.84033E-05 	1.86387E-05 	1.86943E-05 	1.87646E-05 	1.79758E-05 	1.71703E-05 	1.52148E-05 	1.31132E-05 	9.65582E-06 	
1.13559E-05 	1.43134E-05 	1.69865E-05 	1.77490E-05 	1.92229E-05 	1.96672E-05 	2.05487E-05 	2.04399E-05 	2.10359E-05 	2.03765E-05 	1.94375E-05 	1.88118E-05 	1.69090E-05 	1.45431E-05 	1.06289E-05 	
1.21019E-05 	1.52810E-05 	1.79019E-05 	1.86579E-05 	2.01549E-05 	2.06005E-05 	2.13546E-05 	2.14359E-05 	2.18768E-05 	2.14773E-05 	2.05907E-05 	1.95430E-05 	1.76414E-05 	1.53714E-05 	1.11338E-05 	
1.18965E-05 	1.48458E-05 	1.73790E-05 	1.80794E-05 	1.99201E-05 	1.99977E-05 	2.09530E-05 	2.09310E-05 	2.15977E-05 	2.09358E-05 	1.99005E-05 	1.94688E-05 	1.71020E-05 	1.50243E-05 	1.08244E-05 	
1.13370E-05 	1.38767E-05 	1.66147E-05 	1.72367E-05 	1.87957E-05 	1.92434E-05 	2.00236E-05 	1.99250E-05 	2.03723E-05 	1.97847E-05 	1.88306E-05 	1.81243E-05 	1.63290E-05 	1.42971E-05 	1.03717E-05 	
1.23916E-05 	1.53332E-05 	1.78343E-05 	1.90452E-05 	2.09239E-05 	2.10103E-05 	2.21507E-05 	2.15578E-05 	2.23485E-05 	2.19658E-05 	2.09992E-05 	1.99058E-05 	1.78830E-05 	1.55992E-05 	1.14691E-05 	
1.28590E-05 	1.63204E-05 	1.87518E-05 	2.02575E-05 	2.15542E-05 	2.22033E-05 	2.30615E-05 	2.29783E-05 	2.30704E-05 	2.26740E-05 	2.18280E-05 	2.07897E-05 	1.89862E-05 	1.60744E-05 	1.19918E-05 	
1.24212E-05 	1.58819E-05 	1.84628E-05 	2.01463E-05 	2.10883E-05 	2.17850E-05 	2.25086E-05 	2.25238E-05 	2.30219E-05 	2.23214E-05 	2.18423E-05 	2.05627E-05 	1.83499E-05 	1.60081E-05 	1.17546E-05 	
1.17398E-05 	1.49261E-05 	1.72374E-05 	1.86552E-05 	1.97674E-05 	2.03802E-05 	2.09738E-05 	2.09603E-05 	2.13699E-05 	2.04297E-05 	2.02225E-05 	1.90405E-05 	1.74030E-05 	1.49261E-05 	1.10595E-05 	
1.26676E-05 	1.65731E-05 	1.88124E-05 	2.06933E-05 	2.15080E-05 	2.25205E-05 	2.27099E-05 	2.33627E-05 	2.34373E-05 	2.28198E-05 	2.20911E-05 	2.10382E-05 	1.89051E-05 	1.68114E-05 	1.21080E-05 	
1.37628E-05 	1.76630E-05 	1.98879E-05 	2.15628E-05 	2.26196E-05 	2.36298E-05 	2.38568E-05 	2.41395E-05 	2.45672E-05 	2.38104E-05 	2.31859E-05 	2.21647E-05 	1.98167E-05 	1.76202E-05 	1.28057E-05 	
1.39061E-05 	1.79507E-05 	2.01091E-05 	2.19041E-05 	2.26562E-05 	2.39596E-05 	2.40516E-05 	2.45279E-05 	2.46872E-05 	2.42053E-05 	2.34477E-05 	2.25354E-05 	2.00972E-05 	1.79346E-05 	1.28990E-05 	
1.31266E-05 	1.68608E-05 	1.89658E-05 	2.04871E-05 	2.12511E-05 	2.21574E-05 	2.22715E-05 	2.30308E-05 	2.30367E-05 	2.21472E-05 	2.19724E-05 	2.09570E-05 	1.85721E-05 	1.67360E-05 	1.20997E-05 	
1.36471E-05 	1.70730E-05 	1.91182E-05 	2.09853E-05 	2.12794E-05 	2.27931E-05 	2.29057E-05 	2.30267E-05 	2.36487E-05 	2.26794E-05 	2.22458E-05 	2.14657E-05 	1.91198E-05 	1.67447E-05 	1.24392E-05 	
1.47018E-05 	1.81729E-05 	2.09404E-05 	2.24912E-05 	2.32775E-05 	2.44603E-05 	2.47540E-05 	2.53901E-05 	2.51637E-05 	2.44204E-05 	2.40651E-05 	2.30653E-05 	2.04310E-05 	1.82419E-05 	1.32056E-05 	
1.53852E-05 	1.87918E-05 	2.11732E-05 	2.35357E-05 	2.41942E-05 	2.53122E-05 	2.58452E-05 	2.61631E-05 	2.60648E-05 	2.49563E-05 	2.57514E-05 	2.31818E-05 	2.13359E-05 	1.90246E-05 	1.39915E-05 	
1.54262E-05 	1.90377E-05 	2.13940E-05 	2.32630E-05 	2.45841E-05 	2.48871E-05 	2.57552E-05 	2.62200E-05 	2.64210E-05 	2.50635E-05 	2.53512E-05 	2.37382E-05 	2.13675E-05 	1.92017E-05 	1.39929E-05 	
1.47986E-05 	1.81409E-05 	1.99817E-05 	2.18361E-05 	2.30608E-05 	2.33367E-05 	2.44090E-05 	2.43757E-05 	2.44784E-05 	2.35751E-05 	2.37065E-05 	2.17074E-05 	2.01364E-05 	1.80232E-05 	1.33950E-05 	
1.50699E-05 	1.84760E-05 	2.06585E-05 	2.22788E-05 	2.37840E-05 	2.37754E-05 	2.50277E-05 	2.53034E-05 	2.49709E-05 	2.36595E-05 	2.43909E-05 	2.25450E-05 	2.03103E-05 	1.81557E-05 	1.36060E-05 	
1.61420E-05 	1.98198E-05 	2.18524E-05 	2.40158E-05 	2.52788E-05 	2.54218E-05 	2.68101E-05 	2.72504E-05 	2.64809E-05 	2.53040E-05 	2.57568E-05 	2.41152E-05 	2.19961E-05 	1.93446E-05 	1.48759E-05 	
1.67896E-05 	2.07116E-05 	2.26096E-05 	2.46916E-05 	2.61431E-05 	2.62287E-05 	2.77188E-05 	2.78885E-05 	2.78182E-05 	2.63462E-05 	2.70402E-05 	2.47865E-05 	2.29834E-05 	1.98406E-05 	1.54634E-05 	
1.71023E-05 	2.09463E-05 	2.29995E-05 	2.54722E-05 	2.66038E-05 	2.65133E-05 	2.86977E-05 	2.86648E-05 	2.80153E-05 	2.70266E-05 	2.71421E-05 	2.51562E-05 	2.35693E-05 	2.02050E-05 	1.56904E-05 	
1.65326E-05 	2.04435E-05 	2.24809E-05 	2.43812E-05 	2.56674E-05 	2.59421E-05 	2.73518E-05 	2.69304E-05 	2.75183E-05 	2.56240E-05 	2.63827E-05 	2.39379E-05 	2.27161E-05 	1.98105E-05 	1.50465E-05 	
1.55310E-05 	1.95027E-05 	2.14144E-05 	2.32153E-05 	2.42566E-05 	2.39050E-05 	2.56404E-05 	2.59230E-05 	2.54811E-05 	2.46775E-05 	2.45559E-05 	2.29426E-05 	2.12037E-05 	1.83220E-05 	1.44253E-05 	
1.70814E-05 	2.09701E-05 	2.28266E-05 	2.49885E-05 	2.63341E-05 	2.65292E-05 	2.81123E-05 	2.80219E-05 	2.77172E-05 	2.69624E-05 	2.70658E-05 	2.51846E-05 	2.27126E-05 	1.97768E-05 	1.57752E-05 	
1.79122E-05 	2.19737E-05 	2.42627E-05 	2.65729E-05 	2.74743E-05 	2.77537E-05 	2.89451E-05 	2.96275E-05 	2.88923E-05 	2.82830E-05 	2.74827E-05 	2.66382E-05 	2.36543E-05 	2.08328E-05 	1.64532E-05 	
1.83663E-05 	2.30485E-05 	2.50046E-05 	2.69602E-05 	2.88043E-05 	2.88956E-05 	2.93582E-05 	3.02397E-05 	2.91104E-05 	2.88440E-05 	2.80489E-05 	2.72127E-05 	2.41996E-05 	2.16842E-05 	1.72333E-05 	
1.85576E-05 	2.31131E-05 	2.52876E-05 	2.69495E-05 	2.87278E-05 	2.87327E-05 	2.97144E-05 	3.05125E-05 	3.04657E-05 	2.91117E-05 	2.79817E-05 	2.74569E-05 	2.43630E-05 	2.17050E-05 	1.71800E-05 	
1.76388E-05 	2.21677E-05 	2.44100E-05 	2.61745E-05 	2.77050E-05 	2.77059E-05 	2.81019E-05 	2.94646E-05 	2.84937E-05 	2.78616E-05 	2.70660E-05 	2.62822E-05 	2.38656E-05 	2.05522E-05 	1.67462E-05 	
1.72636E-05 	2.14623E-05 	2.29234E-05 	2.43336E-05 	2.58595E-05 	2.63471E-05 	2.69104E-05 	2.79173E-05 	2.67207E-05 	2.71807E-05 	2.60798E-05 	2.49187E-05 	2.28792E-05 	2.01182E-05 	1.58168E-05 	
1.87389E-05 	2.29111E-05 	2.52434E-05 	2.65192E-05 	2.83899E-05 	2.82969E-05 	2.93994E-05 	3.00451E-05 	2.90782E-05 	2.93368E-05 	2.80731E-05 	2.68057E-05 	2.47034E-05 	2.18383E-05 	1.65061E-05 	
1.95237E-05 	2.40842E-05 	2.65990E-05 	2.73822E-05 	2.97882E-05 	2.99275E-05 	3.07072E-05 	3.10627E-05 	2.99388E-05 	3.07562E-05 	2.93549E-05 	2.83936E-05 	2.56396E-05 	2.24928E-05 	1.76771E-05 	
1.99407E-05 	2.46760E-05 	2.67838E-05 	2.88440E-05 	3.03845E-05 	3.02704E-05 	3.15970E-05 	3.20875E-05 	3.08515E-05 	3.19917E-05 	2.97725E-05 	2.89784E-05 	2.69786E-05 	2.35592E-05 	1.81242E-05 	
2.02191E-05 	2.50162E-05 	2.73570E-05 	2.81949E-05 	3.06993E-05 	3.07046E-05 	3.17575E-05 	3.18160E-05 	3.13686E-05 	3.14536E-05 	3.04924E-05 	2.92755E-05 	2.74970E-05 	2.34816E-05 	1.81185E-05 	
1.98089E-05 	2.41739E-05 	2.60278E-05 	2.86107E-05 	2.97406E-05 	3.10106E-05 	3.06510E-05 	3.02132E-05 	3.04467E-05 	3.11113E-05 	2.98298E-05 	2.89229E-05 	2.63374E-05 	2.32479E-05 	1.79539E-05 	
1.87381E-05 	2.24918E-05 	2.47588E-05 	2.68079E-05 	2.78425E-05 	2.90182E-05 	2.94882E-05 	2.92489E-05 	2.86488E-05 	2.90308E-05 	2.87604E-05 	2.63859E-05 	2.46858E-05 	2.20709E-05 	1.69756E-05 	
1.97676E-05 	2.40151E-05 	2.62483E-05 	2.85228E-05 	2.94679E-05 	3.09117E-05 	3.04426E-05 	3.08122E-05 	3.00526E-05 	3.06204E-05 	3.08107E-05 	2.83205E-05 	2.57648E-05 	2.31501E-05 	1.76640E-05 	
2.11886E-05 	2.47986E-05 	2.69250E-05 	3.00949E-05 	3.05155E-05 	3.23715E-05 	3.25512E-05 	3.20821E-05 	3.11378E-05 	3.18536E-05 	3.18465E-05 	2.91552E-05 	2.68073E-05 	2.37637E-05 	1.84289E-05 	
2.18228E-05 	2.61136E-05 	2.83028E-05 	3.02443E-05 	3.12305E-05 	3.33721E-05 	3.23430E-05 	3.31048E-05 	3.24329E-05 	3.27305E-05 	3.33184E-05 	3.08362E-05 	2.81367E-05 	2.53990E-05 	1.93228E-05 	
2.17804E-05 	2.68878E-05 	2.86060E-05 	3.17363E-05 	3.16438E-05 	3.45154E-05 	3.33654E-05 	3.39890E-05 	3.31196E-05 	3.34166E-05 	3.43029E-05 	3.02943E-05 	2.93243E-05 	2.56002E-05 	1.96902E-05 	
2.26168E-05 	2.74555E-05 	2.89941E-05 	3.12050E-05 	3.22758E-05 	3.42505E-05 	3.42871E-05 	3.36530E-05 	3.36194E-05 	3.31255E-05 	3.42422E-05 	3.04673E-05 	2.92932E-05 	2.62368E-05 	2.01056E-05 	
2.16560E-05 	2.63856E-05 	2.87282E-05 	3.03862E-05 	3.20042E-05 	3.31699E-05 	3.30822E-05 	3.20454E-05 	3.27547E-05 	3.25968E-05 	3.31873E-05 	2.97346E-05 	2.86045E-05 	2.52497E-05 	1.91737E-05 	
2.12919E-05 	2.43407E-05 	2.71484E-05 	2.87092E-05 	3.00535E-05 	3.16376E-05 	3.10524E-05 	3.07354E-05 	3.13101E-05 	3.11039E-05 	3.06519E-05 	2.80563E-05 	2.66008E-05 	2.43115E-05 	1.77056E-05 	
2.24737E-05 	2.57424E-05 	2.80904E-05 	3.03506E-05 	3.19415E-05 	3.23986E-05 	3.29213E-05 	3.26541E-05 	3.22467E-05 	3.21233E-05 	3.26273E-05 	2.93194E-05 	2.79217E-05 	2.55628E-05 	1.87681E-05 	
2.35418E-05 	2.60680E-05 	2.98230E-05 	3.15090E-05 	3.28720E-05 	3.37384E-05 	3.42585E-05 	3.40176E-05 	3.34442E-05 	3.40014E-05 	3.35938E-05 	3.13370E-05 	2.93774E-05 	2.61718E-05 	1.97535E-05 	
2.41663E-05 	2.81178E-05 	3.10481E-05 	3.30256E-05 	3.45301E-05 	3.44383E-05 	3.58178E-05 	3.53563E-05 	3.43405E-05 	3.44473E-05 	3.40082E-05 	3.21124E-05 	3.13324E-05 	2.70879E-05 	2.03919E-05 	
2.45273E-05 	2.83841E-05 	3.15020E-05 	3.34277E-05 	3.48499E-05 	3.56286E-05 	3.63177E-05 	3.53870E-05 	3.45405E-05 	3.67170E-05 	3.45172E-05 	3.21386E-05 	3.12215E-05 	2.78927E-05 	2.05767E-05 	
2.46685E-05 	2.93888E-05 	3.19073E-05 	3.34194E-05 	3.47768E-05 	3.62841E-05 	3.62877E-05 	3.59628E-05 	3.57267E-05 	3.54598E-05 	3.44582E-05 	3.34984E-05 	3.14589E-05 	2.78235E-05 	2.16646E-05 	
2.43666E-05 	2.91797E-05 	3.20322E-05 	3.42544E-05 	3.48956E-05 	3.59050E-05 	3.60627E-05 	3.60294E-05 	3.57425E-05 	3.64521E-05 	3.50092E-05 	3.38359E-05 	3.14362E-05 	2.77753E-05 	2.04197E-05 	
2.44042E-05 	2.83763E-05 	3.14218E-05 	3.28537E-05 	3.41168E-05 	3.50053E-05 	3.49902E-05 	3.54665E-05 	3.47097E-05 	3.42795E-05 	3.38048E-05 	3.25994E-05 	3.03015E-05 	2.68668E-05 	2.12491E-05 	
2.27821E-05 	2.72758E-05 	2.92779E-05 	3.10079E-05 	3.19503E-05 	3.28398E-05 	3.27670E-05 	3.18436E-05 	3.29010E-05 	3.24244E-05 	3.17462E-05 	3.03199E-05 	2.82613E-05 	2.49984E-05 	1.91578E-05 	
2.47531E-05 	2.93551E-05 	3.22726E-05 	3.42577E-05 	3.51509E-05 	3.44825E-05 	3.57836E-05 	3.59318E-05 	3.55476E-05 	3.45890E-05 	3.43500E-05 	3.34994E-05 	3.06703E-05 	2.75348E-05 	2.03996E-05 	
2.57133E-05 	3.05234E-05 	3.21345E-05 	3.57045E-05 	3.59028E-05 	3.64886E-05 	3.70069E-05 	3.70618E-05 	3.58151E-05 	3.66185E-05 	3.58835E-05 	3.37872E-05 	3.20391E-05 	2.78117E-05 	2.19118E-05 	
2.68391E-05 	3.09362E-05 	3.34124E-05 	3.64676E-05 	3.59290E-05 	3.80234E-05 	3.63325E-05 	3.79801E-05 	3.81188E-05 	3.67679E-05 	3.64928E-05 	3.49701E-05 	3.25794E-05 	2.81251E-05 	2.17435E-05 	
2.68412E-05 	3.17717E-05 	3.41625E-05 	3.71960E-05 	3.71146E-05 	3.83581E-05 	3.77940E-05 	3.83215E-05 	3.79240E-05 	3.83774E-05 	3.82862E-05 	3.44682E-05 	3.43797E-05 	2.95233E-05 	2.25843E-05 	
2.76708E-05 	3.20431E-05 	3.43960E-05 	3.72104E-05 	3.76624E-05 	3.76460E-05 	3.80607E-05 	3.87461E-05 	3.88372E-05 	3.79817E-05 	3.68062E-05 	3.60404E-05 	3.33897E-05 	2.88282E-05 	2.25868E-05 	
2.76475E-05 	3.28858E-05 	3.49655E-05 	3.78049E-05 	3.89311E-05 	3.94437E-05 	3.82950E-05 	3.99456E-05 	3.97133E-05 	3.83392E-05 	3.90814E-05 	3.55333E-05 	3.42073E-05 	2.90785E-05 	2.37332E-05 	
2.66215E-05 	3.13898E-05 	3.34898E-05 	3.69505E-05 	3.64347E-05 	3.73374E-05 	3.76113E-05 	3.72519E-05 	3.85349E-05 	3.70692E-05 	3.60368E-05 	3.41274E-05 	3.26179E-05 	2.83535E-05 	2.25596E-05 	
2.39029E-05 	3.01158E-05 	3.20914E-05 	3.35406E-05 	3.60347E-05 	3.57950E-05 	3.55077E-05 	3.63867E-05 	3.61419E-05 	3.52607E-05 	3.43505E-05 	3.29198E-05 	3.06144E-05 	2.71020E-05 	2.12639E-05 	
2.66182E-05 	3.11973E-05 	3.31885E-05 	3.55380E-05 	3.67963E-05 	3.67982E-05 	3.69060E-05 	3.75219E-05 	3.84373E-05 	3.68661E-05 	3.63623E-05 	3.41635E-05 	3.20718E-05 	2.77096E-05 	2.21004E-05 	
2.78356E-05 	3.19154E-05 	3.55990E-05 	3.69987E-05 	3.93653E-05 	3.77365E-05 	3.90930E-05 	3.88308E-05 	3.99373E-05 	3.81073E-05 	3.75737E-05 	3.55549E-05 	3.32450E-05 	2.98028E-05 	2.30930E-05 	
2.74292E-05 	3.38885E-05 	3.60009E-05 	3.80998E-05 	3.91634E-05 	3.93389E-05 	3.96705E-05 	3.99275E-05 	4.03104E-05 	3.86785E-05 	3.86719E-05 	3.64769E-05 	3.39271E-05 	3.04703E-05 	2.39378E-05 	
2.91115E-05 	3.28207E-05 	3.77782E-05 	3.86930E-05 	4.02382E-05 	4.05524E-05 	4.12489E-05 	4.08035E-05 	4.22488E-05 	4.01558E-05 	3.90285E-05 	3.77500E-05 	3.54652E-05 	3.05336E-05 	2.42500E-05 	
2.91604E-05 	3.56694E-05 	3.82680E-05 	3.88664E-05 	4.18248E-05 	4.07701E-05 	3.99555E-05 	4.19186E-05 	4.10210E-05 	4.18562E-05 	4.11085E-05 	3.86497E-05 	3.46905E-05 	3.16140E-05 	2.48328E-05 	
2.95390E-05 	3.35620E-05 	3.80873E-05 	3.98383E-05 	4.00609E-05 	4.23253E-05 	4.25469E-05 	4.08446E-05 	4.16947E-05 	4.07889E-05 	4.03515E-05 	3.81936E-05 	3.57918E-05 	3.10613E-05 	2.47384E-05 	
3.01039E-05 	3.55808E-05 	3.90850E-05 	4.05259E-05 	4.05446E-05 	4.19325E-05 	4.08879E-05 	4.27130E-05 	4.25754E-05 	4.09343E-05 	4.10379E-05 	3.82718E-05 	3.58145E-05 	3.17787E-05 	2.53861E-05 	
2.95510E-05 	3.43915E-05 	3.63677E-05 	3.96832E-05 	4.00759E-05 	4.15070E-05 	4.07522E-05 	4.01331E-05 	4.03040E-05 	4.10716E-05 	4.05448E-05 	3.72132E-05 	3.44344E-05 	3.13711E-05 	2.45110E-05 	
2.77407E-05 	3.18862E-05 	3.53222E-05 	3.71337E-05 	3.75209E-05 	3.95522E-05 	3.88210E-05 	3.99764E-05 	3.91975E-05 	3.88668E-05 	3.75071E-05 	3.57781E-05 	3.37145E-05 	2.97213E-05 	2.35050E-05 	
2.94340E-05 	3.21540E-05 	3.61919E-05 	3.87314E-05 	3.91384E-05 	3.91313E-05 	4.01039E-05 	4.02316E-05 	3.98536E-05 	4.01339E-05 	3.85798E-05 	3.71423E-05 	3.34856E-05 	2.98094E-05 	2.35011E-05 	
3.19484E-05 	3.49003E-05 	3.71820E-05 	4.04730E-05 	4.07395E-05 	4.07147E-05 	4.16983E-05 	4.15317E-05 	4.20687E-05 	4.26669E-05 	4.21424E-05 	3.96102E-05 	3.59157E-05 	3.12134E-05 	2.51812E-05 	
3.19661E-05 	3.40102E-05 	3.83488E-05 	4.06567E-05 	4.19209E-05 	4.28267E-05 	4.45186E-05 	4.16570E-05 	4.37507E-05 	4.24043E-05 	4.08274E-05 	4.04728E-05 	3.67483E-05 	3.22100E-05 	2.63931E-05 	
3.25790E-05 	3.71002E-05 	3.93495E-05 	4.24155E-05 	4.26282E-05 	4.43793E-05 	4.49059E-05 	4.27674E-05 	4.37659E-05 	4.44900E-05 	4.35547E-05 	4.12031E-05 	3.67178E-05 	3.34134E-05 	2.60934E-05 	
3.33672E-05 	3.74414E-05 	3.86882E-05 	4.26285E-05 	4.37891E-05 	4.37610E-05 	4.60126E-05 	4.39394E-05 	4.42916E-05 	4.46581E-05 	4.27141E-05 	4.15099E-05 	3.70809E-05 	3.41288E-05 	2.75978E-05 	
3.34808E-05 	3.84417E-05 	3.98718E-05 	4.35132E-05 	4.41963E-05 	4.47077E-05 	4.68616E-05 	4.39786E-05 	4.45040E-05 	4.49763E-05 	4.38502E-05 	4.27399E-05 	3.88058E-05 	3.48371E-05 	2.68680E-05 	
3.19213E-05 	3.89755E-05 	3.99062E-05 	4.23482E-05 	4.48160E-05 	4.35827E-05 	4.67206E-05 	4.43829E-05 	4.47584E-05 	4.50653E-05 	4.40927E-05 	4.19939E-05 	3.72750E-05 	3.51803E-05 	2.75845E-05 	
3.41474E-05 	3.87483E-05 	4.10675E-05 	4.36860E-05 	4.48990E-05 	4.45619E-05 	4.78207E-05 	4.45636E-05 	4.69527E-05 	4.61833E-05 	4.29937E-05 	4.34548E-05 	3.79664E-05 	3.50271E-05 	2.68054E-05 	
3.31321E-05 	3.78099E-05 	3.90549E-05 	4.36192E-05 	4.38034E-05 	4.42507E-05 	4.64462E-05 	4.40127E-05 	4.50088E-05 	4.38158E-05 	4.29816E-05 	4.24615E-05 	3.79032E-05 	3.49197E-05 	2.60815E-05 	
3.10798E-05 	3.46134E-05 	3.68431E-05 	3.89925E-05 	4.04077E-05 	4.09137E-05 	4.23858E-05 	4.21103E-05 	4.25030E-05 	4.05161E-05 	4.06774E-05 	3.82080E-05 	3.54711E-05 	3.18471E-05 	2.54954E-05 	
3.24593E-05 	3.73074E-05 	3.90190E-05 	4.22120E-05 	4.22864E-05 	4.35586E-05 	4.47525E-05 	4.21453E-05 	4.22706E-05 	4.28244E-05 	4.12836E-05 	3.96684E-05 	3.65386E-05 	3.34374E-05 	2.52441E-05 	
3.28382E-05 	3.84119E-05 	3.97944E-05 	4.21279E-05 	4.41834E-05 	4.43058E-05 	4.53310E-05 	4.54011E-05 	4.70934E-05 	4.33004E-05 	4.39403E-05 	4.20409E-05 	3.89811E-05 	3.37099E-05 	2.71132E-05 	
3.37305E-05 	3.84747E-05 	4.26944E-05 	4.46074E-05 	4.67000E-05 	4.71448E-05 	4.83358E-05 	4.67936E-05 	4.60093E-05 	4.56208E-05 	4.38115E-05 	4.28496E-05 	3.84918E-05 	3.65939E-05 	2.88965E-05 	
3.48978E-05 	3.98468E-05 	4.17612E-05 	4.50604E-05 	4.64306E-05 	4.69612E-05 	4.57721E-05 	4.74690E-05 	4.90599E-05 	4.63375E-05 	4.59532E-05 	4.39265E-05 	4.12690E-05 	3.57926E-05 	2.77977E-05 	
3.55708E-05 	4.02601E-05 	4.28668E-05 	4.52167E-05 	4.73330E-05 	4.73917E-05 	4.98855E-05 	4.80504E-05 	4.66152E-05 	4.83246E-05 	4.57583E-05 	4.40599E-05 	4.22728E-05 	3.69478E-05 	2.80385E-05 	
3.52410E-05 	4.11735E-05 	4.36927E-05 	4.67625E-05 	4.76584E-05 	4.88359E-05 	4.69398E-05 	5.02595E-05 	4.94518E-05 	4.87275E-05 	4.61195E-05 	4.42703E-05 	4.07902E-05 	3.70840E-05 	2.99847E-05 	
3.60274E-05 	4.10845E-05 	4.40445E-05 	4.72492E-05 	4.77630E-05 	4.89425E-05 	4.93716E-05 	5.03448E-05 	5.01702E-05 	4.78476E-05 	4.57434E-05 	4.55369E-05 	4.24115E-05 	3.70969E-05 	2.90923E-05 	
3.72217E-05 	4.13972E-05 	4.40645E-05 	4.77823E-05 	4.86715E-05 	4.89419E-05 	4.90201E-05 	4.92385E-05 	4.91327E-05 	4.93462E-05 	4.71475E-05 	4.53818E-05 	4.22790E-05 	3.89904E-05 	2.96371E-05 	
3.55015E-05 	4.04631E-05 	4.35661E-05 	4.63177E-05 	4.80311E-05 	4.74011E-05 	4.90117E-05 	4.85546E-05 	4.86372E-05 	4.75740E-05 	4.42590E-05 	4.48638E-05 	4.06172E-05 	3.66882E-05 	2.81847E-05 	
3.65390E-05 	4.11420E-05 	4.47061E-05 	4.66806E-05 	4.76389E-05 	4.86599E-05 	4.85324E-05 	4.94658E-05 	4.85326E-05 	4.86852E-05 	4.57933E-05 	4.47887E-05 	4.15214E-05 	3.81857E-05 	2.84917E-05 	
3.30293E-05 	3.85357E-05 	4.11690E-05 	4.34528E-05 	4.45541E-05 	4.36249E-05 	4.43688E-05 	4.64050E-05 	4.47932E-05 	4.46048E-05 	4.34556E-05 	4.27491E-05 	3.79669E-05 	3.44404E-05 	2.60864E-05 	
3.52058E-05 	3.91325E-05 	4.18320E-05 	4.53812E-05 	4.60002E-05 	4.68755E-05 	4.77147E-05 	4.79834E-05 	4.83508E-05 	4.59451E-05 	4.30920E-05 	4.31394E-05 	3.93894E-05 	3.71131E-05 	2.89898E-05 	
3.67204E-05 	4.26996E-05 	4.56180E-05 	4.83866E-05 	4.87234E-05 	4.83738E-05 	4.81077E-05 	4.98014E-05 	5.00292E-05 	4.88573E-05 	4.72103E-05 	4.56808E-05 	4.14894E-05 	3.72836E-05 	2.92656E-05 	
3.80131E-05 	4.27108E-05 	4.47214E-05 	4.74439E-05 	4.83187E-05 	4.88610E-05 	5.08297E-05 	5.11518E-05 	5.17021E-05 	4.99028E-05 	4.88220E-05 	4.50336E-05 	4.15541E-05 	3.95036E-05 	2.91734E-05 	
3.77911E-05 	4.44704E-05 	4.89469E-05 	4.98223E-05 	5.07995E-05 	5.22075E-05 	5.04003E-05 	5.15252E-05 	5.17880E-05 	4.87999E-05 	4.85644E-05 	4.76063E-05 	4.30914E-05 	3.98378E-05 	3.06601E-05 	
3.94503E-05 	4.32282E-05 	4.63367E-05 	5.00096E-05 	5.05061E-05 	4.97684E-05 	5.24290E-05 	5.44309E-05 	5.23347E-05 	5.32270E-05 	4.93103E-05 	4.85101E-05 	4.39926E-05 	3.82999E-05 	3.11964E-05 	
4.09236E-05 	4.48374E-05 	4.83211E-05 	5.06216E-05 	5.18534E-05 	5.18958E-05 	5.05961E-05 	5.24955E-05 	5.23132E-05 	5.10907E-05 	4.99423E-05 	4.64200E-05 	4.38924E-05 	3.97959E-05 	3.25363E-05 	
3.87247E-05 	4.52257E-05 	4.84783E-05 	5.19485E-05 	5.08746E-05 	5.19973E-05 	5.29533E-05 	5.62004E-05 	5.28788E-05 	5.35031E-05 	5.05708E-05 	4.88795E-05 	4.53988E-05 	3.95905E-05 	3.32370E-05 	
4.22227E-05 	4.35951E-05 	4.82779E-05 	5.15655E-05 	5.11307E-05 	5.08510E-05 	5.28915E-05 	5.30165E-05 	5.35955E-05 	5.22429E-05 	5.23164E-05 	4.70396E-05 	4.42073E-05 	3.91428E-05 	3.15963E-05 	
4.15224E-05 	4.64271E-05 	4.84046E-05 	5.37570E-05 	5.07154E-05 	5.43293E-05 	5.39309E-05 	5.69746E-05 	5.41569E-05 	5.42103E-05 	5.05127E-05 	4.94377E-05 	4.75290E-05 	3.98942E-05 	3.36478E-05 	
3.81341E-05 	4.27425E-05 	4.62708E-05 	5.01170E-05 	5.02042E-05 	5.02726E-05 	5.18209E-05 	5.10137E-05 	5.25621E-05 	5.14124E-05 	4.96592E-05 	4.51375E-05 	4.16012E-05 	3.79911E-05 	3.16536E-05 	
4.06282E-05 	4.71514E-05 	4.85090E-05 	5.08192E-05 	4.96671E-05 	5.21606E-05 	5.17550E-05 	5.34020E-05 	5.31915E-05 	5.22424E-05 	5.13016E-05 	4.63969E-05 	4.49727E-05 	3.96003E-05 	3.35761E-05 	
3.75494E-05 	4.10459E-05 	4.48795E-05 	4.73046E-05 	4.50051E-05 	5.06924E-05 	4.91681E-05 	4.91577E-05 	4.95923E-05 	4.86890E-05 	4.73489E-05 	4.32154E-05 	4.19440E-05 	3.52418E-05 	2.99171E-05 	
3.98440E-05 	4.62713E-05 	4.81035E-05 	5.11014E-05 	5.06688E-05 	4.92506E-05 	5.21696E-05 	5.22533E-05 	5.29966E-05 	5.16160E-05 	4.97362E-05 	4.61476E-05 	4.34525E-05 	3.82699E-05 	3.17837E-05 	
4.12438E-05 	4.54710E-05 	4.86283E-05 	5.01932E-05 	5.35604E-05 	5.45854E-05 	5.23986E-05 	5.33023E-05 	5.49342E-05 	5.26988E-05 	5.24093E-05 	4.95957E-05 	4.53664E-05 	4.10072E-05 	3.33737E-05 	
4.04116E-05 	4.89031E-05 	5.14456E-05 	5.24937E-05 	5.27852E-05 	5.34636E-05 	5.45188E-05 	5.47475E-05 	5.37865E-05 	5.50878E-05 	5.27646E-05 	4.76433E-05 	4.48300E-05 	3.99935E-05 	3.33923E-05 	
4.19254E-05 	4.73332E-05 	5.05642E-05 	5.31816E-05 	5.50126E-05 	5.39623E-05 	5.35196E-05 	5.66085E-05 	5.79883E-05 	5.52253E-05 	5.38423E-05 	5.14364E-05 	4.60565E-05 	4.23648E-05 	3.41416E-05 	
4.04432E-05 	5.02408E-05 	5.20837E-05 	5.51101E-05 	5.52478E-05 	5.62315E-05 	5.59613E-05 	5.71328E-05 	5.53828E-05 	5.63771E-05 	5.42845E-05 	4.99095E-05 	4.74825E-05 	4.41114E-05 	3.42102E-05 	
4.35527E-05 	5.01897E-05 	5.14953E-05 	5.44960E-05 	5.78593E-05 	5.68027E-05 	5.43600E-05 	5.83865E-05 	5.82787E-05 	5.56798E-05 	5.53810E-05 	5.14637E-05 	4.79411E-05 	4.32564E-05 	3.36442E-05 	
4.22688E-05 	5.01125E-05 	5.49837E-05 	5.63655E-05 	5.50657E-05 	5.68240E-05 	5.75470E-05 	5.80656E-05 	5.84562E-05 	5.80441E-05 	5.63087E-05 	5.23192E-05 	4.75935E-05 	4.45227E-05 	3.45094E-05 	
4.41897E-05 	4.99589E-05 	5.24959E-05 	5.60166E-05 	5.78274E-05 	5.94289E-05 	5.53237E-05 	5.84149E-05 	5.84032E-05 	5.71184E-05 	5.61152E-05 	5.07931E-05 	4.92722E-05 	4.37203E-05 	3.47505E-05 	
4.39448E-05 	4.88494E-05 	5.41164E-05 	5.81364E-05 	5.69337E-05 	5.75519E-05 	5.64500E-05 	6.02169E-05 	5.94324E-05 	5.83428E-05 	5.65070E-05 	5.37724E-05 	4.95326E-05 	4.46527E-05 	3.44314E-05 	
4.39042E-05 	4.95225E-05 	5.47123E-05 	5.56713E-05 	5.81141E-05 	5.73217E-05 	5.82445E-05 	5.73837E-05 	5.88004E-05 	5.66503E-05 	5.60863E-05 	5.10523E-05 	4.97098E-05 	4.36014E-05 	3.42117E-05 	
4.35267E-05 	4.84143E-05 	5.12772E-05 	5.53487E-05 	5.55099E-05 	5.78644E-05 	5.50938E-05 	5.96233E-05 	5.86757E-05 	5.71600E-05 	5.58642E-05 	5.02392E-05 	4.92331E-05 	4.32037E-05 	3.37613E-05 	
4.22764E-05 	4.86173E-05 	5.37213E-05 	5.50063E-05 	5.64974E-05 	5.56039E-05 	5.61335E-05 	5.55003E-05 	5.63036E-05 	5.72937E-05 	5.26312E-05 	4.97417E-05 	5.00328E-05 	4.29124E-05 	3.38645E-05 	
4.03648E-05 	4.53475E-05 	4.90768E-05 	4.96875E-05 	5.35245E-05 	5.30548E-05 	5.46575E-05 	5.36684E-05 	5.32273E-05 	5.20464E-05 	5.02929E-05 	4.74420E-05 	4.62319E-05 	3.88219E-05 	3.10363E-05 	
4.36523E-05 	4.91840E-05 	5.37608E-05 	5.47144E-05 	5.76121E-05 	5.58944E-05 	5.66728E-05 	5.68845E-05 	5.72401E-05 	5.86011E-05 	5.11192E-05 	5.05652E-05 	4.85336E-05 	4.16459E-05 	3.47490E-05 	
4.21331E-05 	4.93111E-05 	5.35670E-05 	5.80268E-05 	5.50997E-05 	5.90042E-05 	5.73919E-05 	5.71355E-05 	5.80499E-05 	5.73370E-05 	5.62560E-05 	5.32046E-05 	4.84068E-05 	4.20038E-05 	3.58532E-05 	
4.68456E-05 	5.12127E-05 	5.60733E-05 	5.67077E-05 	6.01393E-05 	5.93767E-05 	6.03763E-05 	6.04423E-05 	5.87664E-05 	5.94522E-05 	5.54660E-05 	5.37035E-05 	5.37846E-05 	4.47725E-05 	3.52181E-05 	
4.60310E-05 	5.25988E-05 	5.48051E-05 	5.77626E-05 	6.15392E-05 	5.92526E-05 	5.88929E-05 	6.13658E-05 	6.00887E-05 	6.13698E-05 	5.64934E-05 	5.70020E-05 	4.93610E-05 	4.58087E-05 	3.49206E-05 	
4.60656E-05 	5.24200E-05 	5.65790E-05 	6.03119E-05 	6.10383E-05 	6.18355E-05 	6.22238E-05 	6.17026E-05 	6.03705E-05 	6.25559E-05 	5.68278E-05 	5.47950E-05 	5.38469E-05 	4.46145E-05 	3.75508E-05 	
4.91991E-05 	5.48165E-05 	5.77181E-05 	6.08562E-05 	6.31556E-05 	6.27606E-05 	6.08838E-05 	6.37820E-05 	6.08711E-05 	6.26972E-05 	5.74296E-05 	5.67414E-05 	5.23503E-05 	4.58030E-05 	3.58896E-05 	
4.81543E-05 	5.36196E-05 	5.58460E-05 	6.11558E-05 	6.39123E-05 	6.13236E-05 	6.56130E-05 	6.13324E-05 	6.04701E-05 	6.33418E-05 	5.87730E-05 	5.83392E-05 	5.38818E-05 	4.68267E-05 	3.78281E-05 	
4.97335E-05 	5.45661E-05 	5.86055E-05 	5.94453E-05 	6.34520E-05 	6.23025E-05 	6.17219E-05 	6.67140E-05 	6.13470E-05 	6.19693E-05 	5.86981E-05 	5.69423E-05 	5.47953E-05 	4.68780E-05 	3.75349E-05 	
5.08251E-05 	5.56214E-05 	6.00932E-05 	6.28120E-05 	6.55528E-05 	6.20091E-05 	6.58568E-05 	6.39599E-05 	6.19815E-05 	6.38745E-05 	5.89035E-05 	5.68723E-05 	5.50668E-05 	4.58038E-05 	3.92905E-05 	
5.08270E-05 	5.44532E-05 	5.66117E-05 	6.15338E-05 	6.36560E-05 	6.32496E-05 	6.37272E-05 	6.42077E-05 	6.17663E-05 	6.29939E-05 	5.96269E-05 	5.87344E-05 	5.43896E-05 	4.87767E-05 	3.81310E-05 	
5.08021E-05 	5.64148E-05 	6.00618E-05 	6.15517E-05 	6.44721E-05 	6.18486E-05 	6.59529E-05 	6.29572E-05 	6.33571E-05 	6.19538E-05 	5.93994E-05 	5.79885E-05 	5.65100E-05 	4.46264E-05 	3.92169E-05 	
4.94192E-05 	5.25827E-05 	5.70451E-05 	6.11041E-05 	6.21357E-05 	6.13591E-05 	6.29518E-05 	6.30185E-05 	6.03905E-05 	6.34465E-05 	5.88632E-05 	5.43237E-05 	5.39056E-05 	4.84919E-05 	3.67551E-05 	
4.58592E-05 	5.54305E-05 	5.69509E-05 	5.99432E-05 	6.24540E-05 	6.00062E-05 	6.36472E-05 	6.22304E-05 	6.19160E-05 	6.13614E-05 	5.65605E-05 	5.82598E-05 	5.46550E-05 	4.44828E-05 	3.55729E-05 	
4.60800E-05 	4.90666E-05 	5.41531E-05 	5.58682E-05 	5.73329E-05 	5.86090E-05 	5.81711E-05 	5.84179E-05 	5.65563E-05 	5.81584E-05 	5.50782E-05 	5.15992E-05 	5.17777E-05 	4.39431E-05 	3.30472E-05 	
4.65763E-05 	5.72339E-05 	5.81272E-05 	5.87998E-05 	5.84061E-05 	6.07977E-05 	6.20729E-05 	6.22543E-05 	6.07941E-05 	6.03188E-05 	5.92338E-05 	5.79942E-05 	5.36083E-05 	4.39522E-05 	3.82403E-05 	
4.91686E-05 	5.75153E-05 	5.97146E-05 	6.14291E-05 	6.23305E-05 	6.28134E-05 	6.34608E-05 	6.36345E-05 	6.36634E-05 	6.31412E-05 	5.98409E-05 	6.13588E-05 	5.55237E-05 	4.95338E-05 	3.81861E-05 	
5.04794E-05 	5.68182E-05 	6.02539E-05 	6.25479E-05 	6.30437E-05 	6.39561E-05 	6.54628E-05 	6.70746E-05 	6.14747E-05 	6.36517E-05 	5.93196E-05 	5.90154E-05 	5.50848E-05 	4.87041E-05 	3.70458E-05 	
5.12948E-05 	5.77668E-05 	6.36381E-05 	6.23958E-05 	6.29674E-05 	6.49097E-05 	6.59584E-05 	6.35060E-05 	6.63481E-05 	6.45944E-05 	6.21272E-05 	6.04050E-05 	5.64093E-05 	4.93361E-05 	3.94984E-05 	
5.17569E-05 	5.98324E-05 	6.18971E-05 	6.56461E-05 	6.57078E-05 	6.60763E-05 	6.83118E-05 	6.83079E-05 	6.58204E-05 	6.60331E-05 	6.16196E-05 	6.48274E-05 	5.84477E-05 	5.13611E-05 	3.83625E-05 	
5.18899E-05 	6.01774E-05 	6.41984E-05 	6.48159E-05 	6.54125E-05 	6.60529E-05 	6.57288E-05 	6.71505E-05 	6.43406E-05 	6.60077E-05 	6.28534E-05 	5.99861E-05 	5.78369E-05 	4.88171E-05 	3.98326E-05 	
5.37438E-05 	5.92994E-05 	6.48929E-05 	6.60470E-05 	6.72377E-05 	6.54749E-05 	7.03153E-05 	6.81680E-05 	6.46124E-05 	6.51603E-05 	6.77369E-05 	6.50098E-05 	5.81879E-05 	5.24155E-05 	4.05337E-05 	
5.34149E-05 	6.08606E-05 	6.67951E-05 	6.51034E-05 	6.68302E-05 	6.85684E-05 	6.75968E-05 	6.98328E-05 	6.82070E-05 	6.80977E-05 	6.53000E-05 	6.38103E-05 	6.02636E-05 	5.11288E-05 	3.84263E-05 	
5.62635E-05 	6.12560E-05 	6.41149E-05 	6.84724E-05 	6.68078E-05 	6.89977E-05 	7.09574E-05 	7.02604E-05 	6.58898E-05 	6.68138E-05 	6.66879E-05 	6.17993E-05 	5.72916E-05 	5.33470E-05 	4.30981E-05 	
5.65032E-05 	5.82006E-05 	6.68137E-05 	6.96200E-05 	6.62512E-05 	6.66652E-05 	6.89555E-05 	6.89997E-05 	6.66795E-05 	6.70386E-05 	6.82643E-05 	6.37806E-05 	5.98288E-05 	5.05554E-05 	4.04084E-05 	
5.50832E-05 	6.27810E-05 	6.35696E-05 	6.84895E-05 	6.85380E-05 	6.96931E-05 	7.25905E-05 	7.23663E-05 	6.59866E-05 	6.99189E-05 	6.43117E-05 	6.82260E-05 	6.14013E-05 	5.27351E-05 	4.15762E-05 	
5.80221E-05 	6.12000E-05 	6.60142E-05 	7.06141E-05 	7.00987E-05 	6.91725E-05 	6.92350E-05 	7.07920E-05 	6.89445E-05 	6.76839E-05 	6.76410E-05 	6.10132E-05 	5.82263E-05 	5.42531E-05 	4.16789E-05 	
5.64868E-05 	5.86602E-05 	6.11606E-05 	6.50943E-05 	6.48857E-05 	6.58879E-05 	6.99735E-05 	6.81583E-05 	6.68672E-05 	6.28195E-05 	6.25527E-05 	6.19360E-05 	6.05266E-05 	5.12128E-05 	3.88823E-05 	
5.67338E-05 	5.95404E-05 	6.38387E-05 	7.16301E-05 	6.88956E-05 	6.87146E-05 	6.63128E-05 	7.13759E-05 	6.54737E-05 	6.93891E-05 	6.89336E-05 	6.41983E-05 	5.69889E-05 	5.39897E-05 	4.19625E-05 	
5.32404E-05 	5.55274E-05 	5.87561E-05 	5.96040E-05 	6.06853E-05 	6.13396E-05 	6.62816E-05 	6.43776E-05 	6.28336E-05 	5.89739E-05 	6.10913E-05 	5.82756E-05 	5.44825E-05 	4.96000E-05 	3.80628E-05 	
5.44304E-05 	5.78769E-05 	6.13308E-05 	6.54834E-05 	6.60866E-05 	6.23498E-05 	6.52986E-05 	6.60384E-05 	6.24608E-05 	6.22596E-05 	6.27272E-05 	6.13403E-05 	5.59798E-05 	4.92279E-05 	3.81261E-05 	
5.72632E-05 	6.05636E-05 	6.41149E-05 	7.00066E-05 	7.00528E-05 	6.67486E-05 	6.91870E-05 	7.05828E-05 	6.89106E-05 	6.79735E-05 	6.69740E-05 	6.25101E-05 	5.75320E-05 	5.37791E-05 	4.18468E-05 	
5.92470E-05 	6.43654E-05 	6.58610E-05 	6.64582E-05 	6.83528E-05 	7.09596E-05 	7.14862E-05 	7.06744E-05 	6.82772E-05 	6.99875E-05 	6.73935E-05 	6.37471E-05 	5.94574E-05 	5.33536E-05 	4.17311E-05 	
5.86772E-05 	6.37885E-05 	6.62604E-05 	7.19586E-05 	7.01244E-05 	7.07780E-05 	7.10184E-05 	7.03409E-05 	6.90541E-05 	6.88556E-05 	6.75002E-05 	6.47131E-05 	5.99903E-05 	5.49801E-05 	4.23148E-05 	
5.83638E-05 	6.61934E-05 	6.49885E-05 	6.56635E-05 	6.94305E-05 	7.00565E-05 	6.99994E-05 	7.34678E-05 	6.96697E-05 	7.10369E-05 	6.82032E-05 	6.62765E-05 	6.11941E-05 	5.40489E-05 	4.26769E-05 	
6.02624E-05 	6.61501E-05 	7.26312E-05 	7.20920E-05 	7.20020E-05 	7.51821E-05 	7.48719E-05 	6.91452E-05 	7.37544E-05 	7.04078E-05 	7.16543E-05 	6.53357E-05 	6.35709E-05 	5.73908E-05 	4.34074E-05 	
6.20326E-05 	6.90685E-05 	6.75340E-05 	7.10790E-05 	7.26582E-05 	7.27170E-05 	7.31609E-05 	7.49993E-05 	7.44932E-05 	7.33673E-05 	6.70440E-05 	6.55829E-05 	5.98474E-05 	5.64164E-05 	4.28895E-05 	
5.83714E-05 	6.86167E-05 	7.35661E-05 	7.14529E-05 	7.31428E-05 	7.43761E-05 	7.28607E-05 	7.37539E-05 	7.27850E-05 	7.16237E-05 	7.16272E-05 	6.84238E-05 	6.19486E-05 	5.72132E-05 	4.27218E-05 	
6.04539E-05 	6.87758E-05 	7.01389E-05 	7.18213E-05 	7.19278E-05 	7.60522E-05 	7.51580E-05 	7.28309E-05 	7.44033E-05 	7.46096E-05 	7.33075E-05 	6.46659E-05 	6.47521E-05 	5.92531E-05 	4.40486E-05 	
6.18171E-05 	7.19173E-05 	7.04445E-05 	7.54609E-05 	7.21572E-05 	7.51513E-05 	7.53230E-05 	7.78252E-05 	7.54073E-05 	7.45172E-05 	7.03011E-05 	6.73903E-05 	6.41965E-05 	5.81719E-05 	4.26229E-05 	
6.32990E-05 	6.81725E-05 	7.45250E-05 	7.33714E-05 	7.66943E-05 	7.56247E-05 	7.41070E-05 	7.09139E-05 	7.46646E-05 	7.58040E-05 	7.42713E-05 	6.79463E-05 	6.32986E-05 	6.03439E-05 	4.41316E-05 	
6.00744E-05 	6.95750E-05 	7.36454E-05 	7.23226E-05 	7.47135E-05 	7.55266E-05 	7.82620E-05 	7.57401E-05 	7.67707E-05 	7.31317E-05 	7.29934E-05 	6.56012E-05 	6.53821E-05 	5.87462E-05 	4.40096E-05 	
6.37874E-05 	7.20043E-05 	7.67040E-05 	7.53746E-05 	7.71061E-05 	7.26891E-05 	7.90164E-05 	7.56634E-05 	7.60797E-05 	7.75091E-05 	7.46077E-05 	6.80795E-05 	6.59082E-05 	6.02623E-05 	4.36874E-05 	
6.37110E-05 	6.52780E-05 	7.40254E-05 	7.18941E-05 	7.34022E-05 	7.37584E-05 	7.47076E-05 	7.35419E-05 	7.42626E-05 	7.15804E-05 	7.16429E-05 	6.81618E-05 	6.00497E-05 	5.70112E-05 	4.19922E-05 	
6.33937E-05 	7.35499E-05 	7.17785E-05 	7.50793E-05 	7.30704E-05 	7.47350E-05 	7.81228E-05 	7.38304E-05 	7.56089E-05 	7.44840E-05 	7.24240E-05 	6.47815E-05 	6.43857E-05 	5.92241E-05 	4.34137E-05 	
6.14212E-05 	6.59268E-05 	7.33131E-05 	7.11057E-05 	7.12271E-05 	6.88389E-05 	7.36338E-05 	7.19419E-05 	7.23352E-05 	7.15366E-05 	6.86124E-05 	6.72208E-05 	6.44975E-05 	5.74031E-05 	4.26737E-05 	
6.00881E-05 	6.29903E-05 	6.78389E-05 	6.87130E-05 	7.15788E-05 	6.98977E-05 	7.34987E-05 	7.05974E-05 	7.06865E-05 	6.80638E-05 	6.53919E-05 	6.40103E-05 	5.77995E-05 	5.41166E-05 	3.72455E-05 	
6.40862E-05 	6.68548E-05 	7.02621E-05 	7.04127E-05 	6.97579E-05 	7.34650E-05 	7.40087E-05 	7.02599E-05 	7.30320E-05 	7.13794E-05 	7.17550E-05 	5.96484E-05 	6.30799E-05 	5.86360E-05 	4.28397E-05 	
6.47719E-05 	6.66799E-05 	7.71585E-05 	7.44132E-05 	7.17471E-05 	7.24011E-05 	7.76153E-05 	7.40972E-05 	7.70776E-05 	7.14033E-05 	7.05388E-05 	6.84879E-05 	6.31514E-05 	5.78845E-05 	4.51307E-05 	
6.58600E-05 	7.47000E-05 	7.21612E-05 	7.62873E-05 	7.79362E-05 	7.92554E-05 	7.83158E-05 	8.13200E-05 	7.47840E-05 	7.67311E-05 	7.41406E-05 	7.27893E-05 	6.32190E-05 	5.81374E-05 	4.43746E-05 	
6.82207E-05 	7.17759E-05 	7.51105E-05 	7.85943E-05 	7.33402E-05 	7.53574E-05 	7.61250E-05 	7.29206E-05 	7.57279E-05 	7.76820E-05 	7.53639E-05 	6.88684E-05 	7.02624E-05 	6.06923E-05 	4.33814E-05 	
6.50832E-05 	7.06831E-05 	7.87145E-05 	7.91736E-05 	7.97176E-05 	7.83384E-05 	8.02100E-05 	7.71200E-05 	7.91417E-05 	7.61126E-05 	6.82148E-05 	6.97972E-05 	6.64051E-05 	5.73678E-05 	4.65349E-05 	
6.99309E-05 	7.69215E-05 	7.39716E-05 	7.88950E-05 	7.53746E-05 	7.92974E-05 	7.80375E-05 	8.12242E-05 	8.08400E-05 	7.89767E-05 	7.68174E-05 	7.42918E-05 	6.58984E-05 	5.85014E-05 	4.57877E-05 	
6.86415E-05 	7.40963E-05 	7.48016E-05 	8.38988E-05 	7.89662E-05 	7.93706E-05 	8.31565E-05 	8.31703E-05 	7.63661E-05 	7.94450E-05 	7.28697E-05 	7.27515E-05 	7.21419E-05 	6.14673E-05 	4.73384E-05 	
6.76979E-05 	7.35625E-05 	7.93669E-05 	8.05928E-05 	7.91971E-05 	8.03277E-05 	8.39898E-05 	8.12077E-05 	8.18199E-05 	7.41208E-05 	7.53898E-05 	7.52187E-05 	6.63467E-05 	6.13800E-05 	4.70530E-05 	
7.09103E-05 	7.83911E-05 	7.98233E-05 	7.90320E-05 	7.98688E-05 	7.67657E-05 	8.24376E-05 	7.93267E-05 	8.37824E-05 	7.75982E-05 	7.90991E-05 	7.54249E-05 	7.25910E-05 	5.68513E-05 	4.63883E-05 	
7.20841E-05 	7.58256E-05 	7.74406E-05 	8.37152E-05 	8.32604E-05 	8.24288E-05 	8.17665E-05 	8.44295E-05 	7.83660E-05 	8.10728E-05 	7.70262E-05 	7.30287E-05 	7.15837E-05 	6.35005E-05 	4.84038E-05 	
6.78155E-05 	7.65369E-05 	8.00910E-05 	8.00517E-05 	8.30309E-05 	8.42636E-05 	8.46607E-05 	8.68319E-05 	8.76327E-05 	7.93198E-05 	7.62728E-05 	7.64725E-05 	6.92598E-05 	6.22642E-05 	4.72080E-05 	
6.94635E-05 	8.01100E-05 	7.78226E-05 	8.22174E-05 	8.18326E-05 	8.17862E-05 	8.44058E-05 	8.25445E-05 	8.00576E-05 	7.81233E-05 	7.71325E-05 	7.64002E-05 	7.54836E-05 	5.87645E-05 	4.86539E-05 	
7.49998E-05 	7.92589E-05 	8.08043E-05 	8.40752E-05 	8.25048E-05 	8.18443E-05 	8.37431E-05 	8.64290E-05 	8.63531E-05 	7.92846E-05 	7.98750E-05 	7.50212E-05 	7.10309E-05 	6.16239E-05 	4.83379E-05 	
6.97428E-05 	7.98983E-05 	8.43774E-05 	8.49966E-05 	8.32324E-05 	8.50757E-05 	8.76662E-05 	8.75288E-05 	8.47163E-05 	8.24358E-05 	8.14886E-05 	8.02618E-05 	7.18816E-05 	6.29512E-05 	4.81280E-05 	
7.10609E-05 	7.80211E-05 	7.64543E-05 	7.98790E-05 	7.68510E-05 	8.23697E-05 	7.93460E-05 	8.11116E-05 	7.88638E-05 	7.47667E-05 	7.81618E-05 	7.05132E-05 	7.13412E-05 	5.77298E-05 	4.58927E-05 	
6.99400E-05 	8.25198E-05 	8.05970E-05 	8.28127E-05 	8.30047E-05 	8.16936E-05 	8.21925E-05 	8.63313E-05 	8.39197E-05 	7.98264E-05 	7.72896E-05 	7.72437E-05 	7.11781E-05 	6.26470E-05 	4.80370E-05 	
6.97015E-05 	7.66134E-05 	8.04000E-05 	8.20436E-05 	7.93375E-05 	8.40426E-05 	8.64637E-05 	7.98301E-05 	8.16576E-05 	8.15969E-05 	7.90547E-05 	7.11888E-05 	6.89587E-05 	5.88034E-05 	4.79420E-05 	
6.65401E-05 	7.17008E-05 	7.52503E-05 	7.80243E-05 	7.33691E-05 	8.03952E-05 	7.84065E-05 	7.96618E-05 	7.70807E-05 	7.00438E-05 	7.37614E-05 	7.39160E-05 	6.57619E-05 	5.61570E-05 	4.48159E-05 	
6.69709E-05 	7.37797E-05 	7.63539E-05 	7.73020E-05 	7.69640E-05 	7.44864E-05 	7.50582E-05 	7.64897E-05 	7.77859E-05 	7.49357E-05 	7.27239E-05 	7.09509E-05 	6.68962E-05 	5.49631E-05 	4.66469E-05 	
7.14650E-05 	7.97509E-05 	8.20598E-05 	8.35408E-05 	8.54881E-05 	8.52890E-05 	8.45446E-05 	8.59092E-05 	8.35448E-05 	8.11866E-05 	8.11369E-05 	7.03171E-05 	7.43331E-05 	5.81897E-05 	4.82592E-05 	
7.20703E-05 	8.04275E-05 	8.48312E-05 	8.63156E-05 	8.03687E-05 	8.68459E-05 	8.47171E-05 	8.62245E-05 	8.29522E-05 	8.24157E-05 	8.10978E-05 	7.67664E-05 	7.00770E-05 	6.14436E-05 	4.84361E-05 	
7.51679E-05 	8.20018E-05 	8.28254E-05 	8.19097E-05 	8.43252E-05 	8.68242E-05 	8.26990E-05 	8.51396E-05 	8.66358E-05 	8.24277E-05 	7.59155E-05 	8.00139E-05 	7.12707E-05 	6.48437E-05 	5.24674E-05 	
7.42347E-05 	8.00957E-05 	8.67199E-05 	8.90780E-05 	8.33856E-05 	8.35185E-05 	8.46239E-05 	8.55275E-05 	8.63512E-05 	8.33096E-05 	8.38657E-05 	7.48251E-05 	7.32256E-05 	5.65781E-05 	4.90129E-05 	
7.55707E-05 	8.10028E-05 	8.73515E-05 	8.72451E-05 	8.48363E-05 	8.82081E-05 	8.70710E-05 	8.52999E-05 	8.29163E-05 	8.89011E-05 	8.07559E-05 	7.80092E-05 	7.59564E-05 	6.38598E-05 	4.86156E-05 	
7.64827E-05 	8.52351E-05 	8.37809E-05 	8.82771E-05 	8.96553E-05 	8.90550E-05 	9.00969E-05 	8.91150E-05 	8.94006E-05 	8.67762E-05 	8.13372E-05 	8.52583E-05 	7.26925E-05 	6.73766E-05 	5.30471E-05 	
7.43015E-05 	8.44402E-05 	8.89763E-05 	8.81732E-05 	8.57108E-05 	9.13292E-05 	8.17534E-05 	8.54822E-05 	9.07531E-05 	8.51720E-05 	8.28999E-05 	7.40451E-05 	7.45384E-05 	6.22677E-05 	5.46566E-05 	
7.78792E-05 	8.14400E-05 	8.86002E-05 	8.98889E-05 	8.92881E-05 	9.21248E-05 	9.34923E-05 	9.01735E-05 	8.98531E-05 	8.89749E-05 	8.52047E-05 	8.28838E-05 	7.71846E-05 	6.47781E-05 	4.96983E-05 	
7.60691E-05 	8.52180E-05 	8.64993E-05 	9.07915E-05 	9.00353E-05 	8.96749E-05 	9.41126E-05 	9.12230E-05 	8.95379E-05 	8.65953E-05 	8.25002E-05 	8.29387E-05 	7.31576E-05 	6.71205E-05 	5.37595E-05 	
7.70083E-05 	8.90856E-05 	8.81291E-05 	9.24088E-05 	8.81242E-05 	8.90911E-05 	8.77681E-05 	8.47394E-05 	9.61037E-05 	8.65437E-05 	8.77755E-05 	7.88968E-05 	7.52768E-05 	6.76452E-05 	5.27434E-05 	
8.05871E-05 	8.50707E-05 	9.07829E-05 	9.46234E-05 	9.36605E-05 	9.26169E-05 	9.40463E-05 	8.83412E-05 	9.07144E-05 	8.86079E-05 	8.25840E-05 	8.43108E-05 	7.39823E-05 	6.70731E-05 	5.31360E-05 	
8.06797E-05 	8.64028E-05 	8.74609E-05 	9.25577E-05 	9.37368E-05 	9.08743E-05 	8.83014E-05 	9.30852E-05 	9.70470E-05 	8.69813E-05 	8.95565E-05 	8.27730E-05 	7.85080E-05 	6.93031E-05 	5.33982E-05 	
8.04481E-05 	8.80253E-05 	8.79840E-05 	8.79790E-05 	9.16195E-05 	9.02625E-05 	9.27175E-05 	9.25745E-05 	9.16294E-05 	8.93900E-05 	8.77511E-05 	8.06894E-05 	7.44623E-05 	7.15693E-05 	5.30297E-05 	
8.30342E-05 	9.01429E-05 	9.00469E-05 	9.78315E-05 	9.51820E-05 	9.43799E-05 	9.75888E-05 	9.04064E-05 	9.52002E-05 	9.04269E-05 	9.27113E-05 	8.35468E-05 	7.40535E-05 	6.95626E-05 	5.56256E-05 	
8.00375E-05 	8.62583E-05 	8.93420E-05 	9.59969E-05 	9.15100E-05 	9.01714E-05 	9.10979E-05 	9.17833E-05 	9.48734E-05 	8.74452E-05 	8.79294E-05 	8.26705E-05 	8.30037E-05 	7.05542E-05 	5.00268E-05 	
7.75389E-05 	8.40603E-05 	8.45546E-05 	8.84517E-05 	9.03270E-05 	9.19809E-05 	8.65510E-05 	9.06071E-05 	8.76408E-05 	8.63362E-05 	8.26818E-05 	7.80463E-05 	7.28063E-05 	6.49394E-05 	5.23961E-05 	
8.60448E-05 	9.28363E-05 	9.19496E-05 	9.09225E-05 	9.95094E-05 	9.10760E-05 	9.67804E-05 	9.28058E-05 	1.01447E-04 	9.01215E-05 	9.31236E-05 	8.40755E-05 	7.95486E-05 	6.77077E-05 	5.51607E-05 	
7.97582E-05 	8.21029E-05 	8.70593E-05 	9.55691E-05 	8.93502E-05 	9.11209E-05 	8.38725E-05 	8.82153E-05 	8.56610E-05 	8.36592E-05 	8.30477E-05 	7.45775E-05 	7.61501E-05 	7.03945E-05 	4.89988E-05 	
7.13515E-05 	8.02510E-05 	8.70355E-05 	8.77006E-05 	8.21125E-05 	9.08151E-05 	8.43406E-05 	8.55685E-05 	8.57239E-05 	8.37016E-05 	8.00959E-05 	8.01208E-05 	7.12459E-05 	6.37298E-05 	4.91054E-05 	
7.80350E-05 	8.37788E-05 	7.74253E-05 	8.17188E-05 	8.81028E-05 	8.93201E-05 	8.78359E-05 	8.96417E-05 	8.79814E-05 	8.82556E-05 	8.21496E-05 	7.66574E-05 	7.03818E-05 	6.26823E-05 	5.21331E-05 	
8.04984E-05 	9.22523E-05 	8.88190E-05 	9.82238E-05 	1.01713E-04 	8.95294E-05 	9.02806E-05 	8.89240E-05 	9.00765E-05 	8.81140E-05 	8.73927E-05 	8.11564E-05 	7.73087E-05 	7.13554E-05 	5.05497E-05 	
8.46832E-05 	8.99889E-05 	9.12652E-05 	9.40078E-05 	9.29346E-05 	9.20626E-05 	9.78762E-05 	9.42964E-05 	9.47643E-05 	9.38367E-05 	8.51439E-05 	8.01187E-05 	8.01891E-05 	6.85698E-05 	5.50959E-05 	
8.08644E-05 	8.96684E-05 	9.00467E-05 	8.88767E-05 	9.73956E-05 	9.92075E-05 	9.54773E-05 	9.52952E-05 	9.25961E-05 	9.11285E-05 	9.27529E-05 	8.24855E-05 	7.66323E-05 	6.96920E-05 	5.48702E-05 	
8.32659E-05 	9.20104E-05 	8.90763E-05 	9.51491E-05 	9.84604E-05 	9.38280E-05 	9.51463E-05 	9.66035E-05 	9.31538E-05 	9.50683E-05 	9.37149E-05 	8.23339E-05 	7.72523E-05 	7.20336E-05 	5.26658E-05 	
8.31984E-05 	9.35082E-05 	9.38315E-05 	9.82010E-05 	1.00028E-04 	9.56126E-05 	9.57058E-05 	9.70581E-05 	9.77738E-05 	9.23468E-05 	8.73026E-05 	8.38678E-05 	8.12418E-05 	7.69890E-05 	5.37035E-05 	
8.60980E-05 	9.53880E-05 	9.39433E-05 	9.47184E-05 	9.91089E-05 	1.03175E-04 	9.55897E-05 	1.00935E-04 	9.20957E-05 	9.53741E-05 	9.38091E-05 	8.57678E-05 	8.11468E-05 	6.99764E-05 	5.52367E-05 	
8.24335E-05 	9.04300E-05 	9.59825E-05 	9.26635E-05 	1.00572E-04 	9.97481E-05 	1.01857E-04 	9.66335E-05 	1.01266E-04 	9.89476E-05 	9.49897E-05 	8.65013E-05 	7.87503E-05 	7.36246E-05 	5.39869E-05 	
8.48432E-05 	9.30748E-05 	9.37987E-05 	9.92742E-05 	1.02654E-04 	9.62775E-05 	1.02747E-04 	1.01251E-04 	9.41849E-05 	9.80229E-05 	9.43084E-05 	8.69182E-05 	8.78680E-05 	7.81139E-05 	5.72873E-05 	
8.77417E-05 	9.68514E-05 	9.83471E-05 	9.72959E-05 	1.00707E-04 	1.03903E-04 	9.77054E-05 	9.89725E-05 	9.99030E-05 	9.66698E-05 	9.20156E-05 	8.55412E-05 	8.18982E-05 	7.49020E-05 	5.64919E-05 	
8.50143E-05 	9.70641E-05 	9.70385E-05 	9.73440E-05 	1.02224E-04 	1.01652E-04 	1.03080E-04 	1.03083E-04 	1.02764E-04 	9.83138E-05 	9.73886E-05 	8.67673E-05 	7.98951E-05 	7.39348E-05 	5.55829E-05 	
8.52864E-05 	9.52491E-05 	9.80754E-05 	9.70686E-05 	1.03656E-04 	1.04826E-04 	1.02252E-04 	1.05379E-04 	9.56777E-05 	9.45231E-05 	9.76482E-05 	8.69348E-05 	8.84425E-05 	7.44340E-05 	5.85281E-05 	
9.21006E-05 	9.44705E-05 	9.86707E-05 	9.97782E-05 	1.05587E-04 	9.75545E-05 	1.03011E-04 	1.00202E-04 	9.90022E-05 	9.94368E-05 	9.68230E-05 	8.95320E-05 	8.91983E-05 	7.85787E-05 	5.86146E-05 	
8.21940E-05 	9.86224E-05 	9.91045E-05 	9.70520E-05 	1.02476E-04 	1.04506E-04 	1.05019E-04 	1.02336E-04 	1.01417E-04 	1.02806E-04 	9.37874E-05 	9.22606E-05 	8.39048E-05 	7.51616E-05 	5.40720E-05 	
8.63403E-05 	1.01193E-04 	1.00966E-04 	1.00453E-04 	1.06449E-04 	1.04369E-04 	1.04099E-04 	1.05346E-04 	1.00645E-04 	9.91228E-05 	9.48366E-05 	8.83617E-05 	8.48154E-05 	7.46602E-05 	5.91982E-05 	
9.18111E-05 	9.85334E-05 	1.04225E-04 	9.79875E-05 	1.03115E-04 	1.01103E-04 	1.05858E-04 	1.05586E-04 	1.00340E-04 	9.24943E-05 	9.63146E-05 	9.22839E-05 	9.55942E-05 	7.87845E-05 	5.59148E-05 	
8.80694E-05 	9.73492E-05 	9.87686E-05 	1.02279E-04 	1.12193E-04 	1.05172E-04 	1.07297E-04 	1.04076E-04 	1.02428E-04 	1.01855E-04 	1.01267E-04 	9.02616E-05 	8.31456E-05 	8.02369E-05 	5.98282E-05 	
8.51464E-05 	9.45522E-05 	9.82957E-05 	9.82899E-05 	1.02315E-04 	1.05729E-04 	1.04312E-04 	1.00552E-04 	9.80732E-05 	9.82125E-05 	9.14722E-05 	8.57808E-05 	8.32826E-05 	7.25890E-05 	5.37228E-05 	
8.93433E-05 	1.00382E-04 	1.01308E-04 	9.66003E-05 	1.01146E-04 	1.05162E-04 	1.05722E-04 	1.03293E-04 	1.03534E-04 	9.36070E-05 	9.35311E-05 	9.22722E-05 	8.76389E-05 	7.92519E-05 	5.48637E-05 	
9.09083E-05 	9.69395E-05 	1.00292E-04 	1.06071E-04 	1.06810E-04 	1.01567E-04 	1.04900E-04 	1.02901E-04 	1.05043E-04 	1.01773E-04 	1.02254E-04 	9.77002E-05 	8.66789E-05 	7.41058E-05 	6.27463E-05 	
8.60001E-05 	8.51607E-05 	9.33406E-05 	9.96830E-05 	9.57716E-05 	9.97713E-05 	9.91710E-05 	9.31645E-05 	9.60025E-05 	9.54358E-05 	9.11820E-05 	8.09625E-05 	8.33786E-05 	7.36015E-05 	5.14243E-05 	
9.17518E-05 	9.58329E-05 	9.17791E-05 	9.48724E-05 	9.52252E-05 	1.02875E-04 	1.00412E-04 	9.81994E-05 	9.28781E-05 	9.05007E-05 	8.84785E-05 	8.62599E-05 	7.83333E-05 	6.97175E-05 	5.57915E-05 	
8.30456E-05 	8.98924E-05 	9.58968E-05 	9.69485E-05 	1.01185E-04 	9.79982E-05 	9.68047E-05 	1.01845E-04 	9.29999E-05 	9.12988E-05 	9.18363E-05 	8.69192E-05 	7.88482E-05 	7.25115E-05 	5.64048E-05 	
8.80042E-05 	9.68041E-05 	9.75578E-05 	1.02086E-04 	1.02639E-04 	1.03855E-04 	1.03287E-04 	1.04168E-04 	1.03284E-04 	1.00043E-04 	1.01330E-04 	9.02168E-05 	8.67089E-05 	7.72713E-05 	5.67884E-05 	
9.34827E-05 	9.87253E-05 	1.00024E-04 	9.93227E-05 	1.03899E-04 	1.07877E-04 	1.08098E-04 	9.72531E-05 	1.01952E-04 	1.03948E-04 	9.64128E-05 	9.26025E-05 	8.78523E-05 	7.62583E-05 	6.10477E-05 	
1.00024E-04 	9.77517E-05 	1.00897E-04 	1.07281E-04 	1.15828E-04 	1.09273E-04 	1.05193E-04 	1.05103E-04 	1.03460E-04 	1.00035E-04 	9.82030E-05 	9.31766E-05 	8.33712E-05 	8.35071E-05 	5.92398E-05 	
9.59876E-05 	9.77178E-05 	1.01148E-04 	1.04188E-04 	1.12312E-04 	1.10658E-04 	1.08158E-04 	1.09621E-04 	1.06093E-04 	1.01863E-04 	9.95759E-05 	9.84338E-05 	8.87875E-05 	8.10912E-05 	6.25548E-05 	
9.58748E-05 	1.03641E-04 	1.04152E-04 	1.04107E-04 	1.08644E-04 	1.06369E-04 	1.07930E-04 	1.06142E-04 	9.84830E-05 	1.03813E-04 	1.00920E-04 	9.54668E-05 	9.03497E-05 	7.74127E-05 	6.11804E-05 	
9.98738E-05 	1.00685E-04 	1.02882E-04 	1.03236E-04 	1.06649E-04 	1.11419E-04 	1.07632E-04 	1.04962E-04 	1.03874E-04 	9.91073E-05 	1.00536E-04 	9.70997E-05 	8.72875E-05 	7.83829E-05 	6.21131E-05 	
9.11330E-05 	1.01874E-04 	1.04483E-04 	1.07202E-04 	1.15147E-04 	1.17037E-04 	1.11482E-04 	1.11319E-04 	1.10767E-04 	1.03612E-04 	1.03483E-04 	1.01118E-04 	8.94304E-05 	8.13527E-05 	5.90773E-05 	
1.01624E-04 	1.03413E-04 	1.06521E-04 	1.12410E-04 	1.08580E-04 	1.14049E-04 	1.14580E-04 	1.07889E-04 	1.08520E-04 	1.03903E-04 	1.05800E-04 	9.64537E-05 	9.38274E-05 	8.19317E-05 	6.88430E-05 	
9.82675E-05 	1.03106E-04 	1.09636E-04 	1.05358E-04 	1.13465E-04 	1.11025E-04 	1.09337E-04 	1.07339E-04 	1.07008E-04 	1.06804E-04 	9.86176E-05 	9.65124E-05 	8.92671E-05 	7.99104E-05 	6.12759E-05 	
1.02417E-04 	1.08889E-04 	1.07303E-04 	1.07871E-04 	1.11492E-04 	1.17501E-04 	1.12816E-04 	1.17068E-04 	1.13870E-04 	1.04668E-04 	1.04665E-04 	1.00289E-04 	9.15866E-05 	8.26638E-05 	6.50992E-05 	
9.73570E-05 	1.07940E-04 	1.05566E-04 	1.11484E-04 	1.11546E-04 	1.16219E-04 	1.11827E-04 	1.10042E-04 	1.05911E-04 	1.01850E-04 	1.12339E-04 	1.03207E-04 	9.40490E-05 	8.16524E-05 	6.36560E-05 	
1.00788E-04 	1.05745E-04 	1.09546E-04 	1.08544E-04 	1.16285E-04 	1.22591E-04 	1.16232E-04 	1.10658E-04 	1.11851E-04 	1.04578E-04 	1.08071E-04 	1.01298E-04 	9.14357E-05 	8.36035E-05 	6.33802E-05 	
1.03561E-04 	1.03984E-04 	1.03948E-04 	1.08773E-04 	1.12522E-04 	1.20923E-04 	1.12757E-04 	1.17165E-04 	1.11897E-04 	1.10230E-04 	1.05402E-04 	1.00881E-04 	9.39238E-05 	8.26114E-05 	6.34036E-05 	
1.04614E-04 	1.11980E-04 	1.14261E-04 	1.19244E-04 	1.11796E-04 	1.12944E-04 	1.15293E-04 	1.14490E-04 	1.14065E-04 	1.08840E-04 	1.09045E-04 	1.03605E-04 	9.59450E-05 	8.33044E-05 	6.40731E-05 	
1.01779E-04 	1.09668E-04 	1.10435E-04 	1.07850E-04 	1.17611E-04 	1.21846E-04 	1.20675E-04 	1.15093E-04 	1.11975E-04 	1.03328E-04 	1.11275E-04 	9.83108E-05 	9.47666E-05 	8.29832E-05 	6.48138E-05 	
1.04212E-04 	1.07177E-04 	1.04994E-04 	1.13847E-04 	1.15028E-04 	1.22984E-04 	1.13815E-04 	1.13051E-04 	1.14635E-04 	1.13485E-04 	1.08534E-04 	1.02973E-04 	9.31732E-05 	8.99461E-05 	6.59094E-05 	
1.06368E-04 	1.10839E-04 	1.16539E-04 	1.15052E-04 	1.17016E-04 	1.20908E-04 	1.18929E-04 	1.12230E-04 	1.13379E-04 	1.17357E-04 	1.05330E-04 	1.00517E-04 	9.18444E-05 	8.45256E-05 	6.46763E-05 	
1.00273E-04 	1.05379E-04 	1.09292E-04 	1.10981E-04 	1.13646E-04 	1.15426E-04 	1.13677E-04 	1.19143E-04 	1.07767E-04 	1.12338E-04 	1.00977E-04 	9.85250E-05 	9.47349E-05 	7.46649E-05 	5.86763E-05 	
1.06654E-04 	1.09075E-04 	1.12696E-04 	1.06079E-04 	1.12418E-04 	1.15957E-04 	1.16911E-04 	1.13353E-04 	1.13731E-04 	1.04238E-04 	1.06424E-04 	9.92623E-05 	9.33996E-05 	8.63682E-05 	6.36116E-05 	
1.07054E-04 	1.12292E-04 	1.15237E-04 	1.18523E-04 	1.26377E-04 	1.22982E-04 	1.16729E-04 	1.15354E-04 	1.10752E-04 	1.21860E-04 	1.09227E-04 	1.03227E-04 	9.33134E-05 	8.91893E-05 	6.53127E-05 	
9.72964E-05 	1.06005E-04 	1.08747E-04 	1.11386E-04 	1.17376E-04 	1.17564E-04 	1.16204E-04 	1.08137E-04 	1.08662E-04 	1.10568E-04 	1.03213E-04 	9.48155E-05 	9.16991E-05 	7.98632E-05 	5.91036E-05 	
9.76545E-05 	1.04574E-04 	1.03114E-04 	1.09551E-04 	1.00761E-04 	1.14771E-04 	1.05409E-04 	1.11423E-04 	1.04935E-04 	1.00629E-04 	9.82110E-05 	9.91734E-05 	8.91567E-05 	7.86126E-05 	5.63702E-05 	
9.92345E-05 	1.02044E-04 	1.04155E-04 	1.05728E-04 	1.13125E-04 	1.07846E-04 	1.11077E-04 	1.08340E-04 	1.03978E-04 	1.03308E-04 	1.00487E-04 	9.68928E-05 	8.88265E-05 	8.42032E-05 	5.80802E-05 	
9.66118E-05 	1.08487E-04 	1.05076E-04 	1.13239E-04 	1.12905E-04 	1.15441E-04 	1.12844E-04 	1.08235E-04 	1.07899E-04 	1.05449E-04 	1.06763E-04 	9.95383E-05 	9.10519E-05 	8.02245E-05 	5.88269E-05 	
1.01389E-04 	1.15699E-04 	1.12063E-04 	1.20991E-04 	1.12461E-04 	1.19919E-04 	1.21981E-04 	1.14599E-04 	1.14863E-04 	1.02692E-04 	1.05751E-04 	1.02355E-04 	8.81775E-05 	8.73292E-05 	6.21948E-05 	
1.03825E-04 	1.11123E-04 	1.11318E-04 	1.18120E-04 	1.11011E-04 	1.22425E-04 	1.14796E-04 	1.19859E-04 	1.11419E-04 	1.13431E-04 	1.05808E-04 	1.01811E-04 	9.44987E-05 	8.57870E-05 	6.27655E-05 	
1.11156E-04 	1.14533E-04 	1.08459E-04 	1.21126E-04 	1.18961E-04 	1.21662E-04 	1.25903E-04 	1.16907E-04 	1.15681E-04 	1.17965E-04 	1.07159E-04 	1.03599E-04 	9.66216E-05 	9.28202E-05 	6.79145E-05 	
1.00453E-04 	1.09472E-04 	1.19502E-04 	1.15399E-04 	1.22763E-04 	1.17504E-04 	1.18007E-04 	1.19125E-04 	1.16737E-04 	1.10430E-04 	1.06554E-04 	1.08169E-04 	9.87796E-05 	8.74107E-05 	6.32328E-05 	
1.07177E-04 	1.07039E-04 	1.19748E-04 	1.26998E-04 	1.20685E-04 	1.18338E-04 	1.22467E-04 	1.13296E-04 	1.15080E-04 	1.13628E-04 	1.09154E-04 	1.10657E-04 	9.89647E-05 	8.77012E-05 	6.29217E-05 	
1.11293E-04 	1.11954E-04 	1.20229E-04 	1.22339E-04 	1.19872E-04 	1.25163E-04 	1.22655E-04 	1.25348E-04 	1.18940E-04 	1.11178E-04 	1.08871E-04 	1.10403E-04 	9.66684E-05 	8.80863E-05 	6.84276E-05 	
1.09101E-04 	1.13835E-04 	1.15239E-04 	1.17072E-04 	1.20046E-04 	1.26008E-04 	1.30405E-04 	1.20262E-04 	1.21586E-04 	1.24268E-04 	1.09239E-04 	1.03130E-04 	9.87158E-05 	9.58174E-05 	6.79250E-05 	
1.09551E-04 	1.14689E-04 	1.21917E-04 	1.18438E-04 	1.31768E-04 	1.18034E-04 	1.28482E-04 	1.21472E-04 	1.15718E-04 	1.16852E-04 	1.14904E-04 	1.10557E-04 	1.03050E-04 	9.23732E-05 	6.41609E-05 	
1.08180E-04 	1.09239E-04 	1.20942E-04 	1.23894E-04 	1.28965E-04 	1.18443E-04 	1.26538E-04 	1.20226E-04 	1.17046E-04 	1.18691E-04 	1.09898E-04 	1.07711E-04 	1.00016E-04 	8.99918E-05 	6.46101E-05 	
1.04667E-04 	1.19422E-04 	1.18463E-04 	1.21695E-04 	1.28376E-04 	1.25638E-04 	1.28245E-04 	1.26173E-04 	1.21919E-04 	1.18388E-04 	1.11908E-04 	1.09198E-04 	9.99700E-05 	9.67921E-05 	7.08264E-05 	
1.16564E-04 	1.18307E-04 	1.20326E-04 	1.19118E-04 	1.28268E-04 	1.23365E-04 	1.31385E-04 	1.29235E-04 	1.22664E-04 	1.19676E-04 	1.08562E-04 	1.13365E-04 	1.06040E-04 	9.40497E-05 	7.09831E-05 	
1.15139E-04 	1.13976E-04 	1.23782E-04 	1.23315E-04 	1.30935E-04 	1.24022E-04 	1.25641E-04 	1.28640E-04 	1.22905E-04 	1.16944E-04 	1.22182E-04 	1.14420E-04 	1.04569E-04 	9.27560E-05 	6.41977E-05 	
1.11903E-04 	1.18901E-04 	1.26746E-04 	1.25522E-04 	1.30818E-04 	1.24929E-04 	1.30047E-04 	1.29321E-04 	1.25192E-04 	1.17367E-04 	1.16623E-04 	1.08341E-04 	1.04909E-04 	9.21227E-05 	7.09019E-05 	
1.14019E-04 	1.23861E-04 	1.23777E-04 	1.26864E-04 	1.29405E-04 	1.27537E-04 	1.33553E-04 	1.30753E-04 	1.27913E-04 	1.20123E-04 	1.12491E-04 	1.15644E-04 	1.03269E-04 	1.02110E-04 	6.49356E-05 	
1.15496E-04 	1.20743E-04 	1.19282E-04 	1.21860E-04 	1.33014E-04 	1.28979E-04 	1.33141E-04 	1.31208E-04 	1.26538E-04 	1.26222E-04 	1.15674E-04 	1.15287E-04 	1.07756E-04 	9.42536E-05 	7.18597E-05 	
1.17764E-04 	1.14973E-04 	1.18469E-04 	1.26839E-04 	1.30502E-04 	1.27466E-04 	1.26353E-04 	1.22433E-04 	1.27515E-04 	1.18397E-04 	1.17031E-04 	1.12475E-04 	1.06319E-04 	9.52857E-05 	7.04363E-05 	
1.19940E-04 	1.23852E-04 	1.30261E-04 	1.31611E-04 	1.34090E-04 	1.27586E-04 	1.32348E-04 	1.30721E-04 	1.28715E-04 	1.16511E-04 	1.18359E-04 	1.13130E-04 	1.03684E-04 	9.63625E-05 	7.00029E-05 	
1.15975E-04 	1.18382E-04 	1.24992E-04 	1.25443E-04 	1.29832E-04 	1.32528E-04 	1.37955E-04 	1.41143E-04 	1.32193E-04 	1.26767E-04 	1.14598E-04 	1.13404E-04 	1.11550E-04 	1.00567E-04 	7.48785E-05 	
1.13920E-04 	1.17516E-04 	1.22930E-04 	1.25729E-04 	1.21711E-04 	1.31537E-04 	1.27540E-04 	1.26144E-04 	1.34222E-04 	1.18521E-04 	1.18218E-04 	1.13036E-04 	1.10067E-04 	9.60536E-05 	6.57585E-05 	
1.17802E-04 	1.16639E-04 	1.19643E-04 	1.21832E-04 	1.29978E-04 	1.32443E-04 	1.26698E-04 	1.28605E-04 	1.21904E-04 	1.22643E-04 	1.17453E-04 	1.07674E-04 	1.03144E-04 	9.62204E-05 	7.26212E-05 	
1.16916E-04 	1.27404E-04 	1.26016E-04 	1.33332E-04 	1.27128E-04 	1.27049E-04 	1.35796E-04 	1.27126E-04 	1.30462E-04 	1.21674E-04 	1.11949E-04 	1.18878E-04 	1.06761E-04 	9.20102E-05 	6.92035E-05 	
1.17595E-04 	1.23066E-04 	1.30318E-04 	1.29873E-04 	1.35769E-04 	1.30773E-04 	1.34066E-04 	1.35658E-04 	1.36424E-04 	1.25991E-04 	1.22039E-04 	1.14292E-04 	1.15891E-04 	9.75188E-05 	7.29984E-05 	
1.08914E-04 	1.12042E-04 	1.19577E-04 	1.18266E-04 	1.24035E-04 	1.26754E-04 	1.17636E-04 	1.25878E-04 	1.19055E-04 	1.08758E-04 	1.13538E-04 	1.07701E-04 	1.06424E-04 	9.45913E-05 	7.20836E-05 	
1.05439E-04 	1.13737E-04 	1.11118E-04 	1.15200E-04 	1.20297E-04 	1.26393E-04 	1.27518E-04 	1.25370E-04 	1.18083E-04 	1.15139E-04 	1.12788E-04 	1.05962E-04 	9.36931E-05 	9.25789E-05 	6.64718E-05 	
1.13935E-04 	1.19085E-04 	1.19336E-04 	1.23057E-04 	1.18677E-04 	1.22106E-04 	1.28680E-04 	1.23000E-04 	1.20499E-04 	1.18975E-04 	1.11439E-04 	1.11689E-04 	1.00830E-04 	8.59564E-05 	6.65435E-05 	
1.11533E-04 	1.20665E-04 	1.25329E-04 	1.21337E-04 	1.27801E-04 	1.22946E-04 	1.31032E-04 	1.24420E-04 	1.26561E-04 	1.20909E-04 	1.14175E-04 	1.04937E-04 	1.05390E-04 	9.19258E-05 	6.79336E-05 	
1.18952E-04 	1.25653E-04 	1.24095E-04 	1.24044E-04 	1.27259E-04 	1.40065E-04 	1.29065E-04 	1.34572E-04 	1.38591E-04 	1.24006E-04 	1.19673E-04 	1.15717E-04 	1.07364E-04 	1.00078E-04 	7.37185E-05 	
1.13778E-04 	1.18780E-04 	1.25201E-04 	1.28788E-04 	1.31831E-04 	1.37594E-04 	1.28897E-04 	1.28093E-04 	1.36561E-04 	1.19569E-04 	1.19835E-04 	1.17728E-04 	1.06833E-04 	9.93602E-05 	7.68599E-05 	
1.16228E-04 	1.29723E-04 	1.30935E-04 	1.36072E-04 	1.33010E-04 	1.27208E-04 	1.36233E-04 	1.37369E-04 	1.23856E-04 	1.21429E-04 	1.22346E-04 	1.14835E-04 	1.10085E-04 	9.79067E-05 	7.17598E-05 	
1.17056E-04 	1.26104E-04 	1.26403E-04 	1.36001E-04 	1.34547E-04 	1.31527E-04 	1.41188E-04 	1.31912E-04 	1.34207E-04 	1.30305E-04 	1.16283E-04 	1.18163E-04 	1.14014E-04 	9.51277E-05 	7.05232E-05 	
1.17174E-04 	1.29177E-04 	1.34192E-04 	1.25427E-04 	1.31362E-04 	1.35633E-04 	1.33999E-04 	1.38917E-04 	1.31112E-04 	1.21692E-04 	1.22603E-04 	1.19067E-04 	1.14270E-04 	9.63502E-05 	7.17772E-05 	
1.14371E-04 	1.22279E-04 	1.29065E-04 	1.38754E-04 	1.33364E-04 	1.40251E-04 	1.37048E-04 	1.26918E-04 	1.33976E-04 	1.34292E-04 	1.20170E-04 	1.11087E-04 	1.08205E-04 	1.03075E-04 	8.14919E-05 	
1.15575E-04 	1.31329E-04 	1.31759E-04 	1.34716E-04 	1.32205E-04 	1.31289E-04 	1.39126E-04 	1.38601E-04 	1.37009E-04 	1.37216E-04 	1.31433E-04 	1.22758E-04 	1.13249E-04 	1.01676E-04 	7.19264E-05 	
1.18154E-04 	1.26512E-04 	1.33564E-04 	1.40851E-04 	1.38079E-04 	1.35954E-04 	1.33043E-04 	1.38765E-04 	1.39413E-04 	1.31340E-04 	1.20957E-04 	1.26916E-04 	1.19561E-04 	9.41821E-05 	7.64962E-05 	
1.17711E-04 	1.27579E-04 	1.29472E-04 	1.38184E-04 	1.35105E-04 	1.39739E-04 	1.38539E-04 	1.39851E-04 	1.34805E-04 	1.33427E-04 	1.25746E-04 	1.20867E-04 	1.12618E-04 	1.01812E-04 	7.90902E-05 	
1.20483E-04 	1.29662E-04 	1.38416E-04 	1.36794E-04 	1.37273E-04 	1.35817E-04 	1.42089E-04 	1.40598E-04 	1.28130E-04 	1.33668E-04 	1.33672E-04 	1.23178E-04 	1.19301E-04 	1.00471E-04 	8.03705E-05 	
1.21311E-04 	1.24555E-04 	1.36776E-04 	1.38977E-04 	1.38656E-04 	1.42097E-04 	1.38911E-04 	1.44919E-04 	1.34408E-04 	1.39353E-04 	1.26762E-04 	1.22093E-04 	1.12524E-04 	1.07752E-04 	7.87214E-05 	
1.28686E-04 	1.35632E-04 	1.32500E-04 	1.41215E-04 	1.42099E-04 	1.40331E-04 	1.42685E-04 	1.43033E-04 	1.37328E-04 	1.36581E-04 	1.22619E-04 	1.24265E-04 	1.17098E-04 	9.65722E-05 	7.52826E-05 	
1.22918E-04 	1.32438E-04 	1.28861E-04 	1.39744E-04 	1.37622E-04 	1.40418E-04 	1.34794E-04 	1.40478E-04 	1.47584E-04 	1.37557E-04 	1.31153E-04 	1.25810E-04 	1.15883E-04 	1.08586E-04 	7.87526E-05 	
1.23523E-04 	1.30109E-04 	1.34757E-04 	1.38634E-04 	1.46677E-04 	1.35258E-04 	1.44186E-04 	1.40964E-04 	1.39112E-04 	1.43428E-04 	1.30966E-04 	1.26345E-04 	1.18940E-04 	1.09371E-04 	7.93441E-05 	
1.17804E-04 	1.27836E-04 	1.39071E-04 	1.37936E-04 	1.42504E-04 	1.43986E-04 	1.48478E-04 	1.49125E-04 	1.31914E-04 	1.35947E-04 	1.31248E-04 	1.27812E-04 	1.21469E-04 	1.06408E-04 	8.17823E-05 	
1.27855E-04 	1.35316E-04 	1.35242E-04 	1.46183E-04 	1.37471E-04 	1.43717E-04 	1.43099E-04 	1.46754E-04 	1.44458E-04 	1.36599E-04 	1.39209E-04 	1.24297E-04 	1.16069E-04 	1.01180E-04 	7.48626E-05 	
1.23476E-04 	1.34011E-04 	1.35292E-04 	1.43329E-04 	1.46619E-04 	1.42276E-04 	1.38446E-04 	1.40612E-04 	1.36388E-04 	1.43404E-04 	1.37576E-04 	1.20134E-04 	1.15907E-04 	1.08998E-04 	8.23402E-05 	
1.35111E-04 	1.31229E-04 	1.30895E-04 	1.42420E-04 	1.43374E-04 	1.44815E-04 	1.42077E-04 	1.45353E-04 	1.39130E-04 	1.45451E-04 	1.26912E-04 	1.26983E-04 	1.19066E-04 	1.08907E-04 	7.82635E-05 	
1.25546E-04 	1.35759E-04 	1.47069E-04 	1.40217E-04 	1.42139E-04 	1.48834E-04 	1.41655E-04 	1.53166E-04 	1.41782E-04 	1.45112E-04 	1.33459E-04 	1.34671E-04 	1.24517E-04 	1.12305E-04 	8.18590E-05 	
1.28435E-04 	1.30902E-04 	1.39935E-04 	1.51565E-04 	1.51698E-04 	1.48647E-04 	1.48357E-04 	1.51902E-04 	1.45672E-04 	1.41062E-04 	1.32654E-04 	1.24164E-04 	1.21290E-04 	1.09315E-04 	8.16865E-05 	
1.31273E-04 	1.32045E-04 	1.38094E-04 	1.33202E-04 	1.46717E-04 	1.39307E-04 	1.36487E-04 	1.37690E-04 	1.41312E-04 	1.40308E-04 	1.38336E-04 	1.25446E-04 	1.15625E-04 	9.72955E-05 	8.20459E-05 	
1.28622E-04 	1.30378E-04 	1.38129E-04 	1.43854E-04 	1.41107E-04 	1.40977E-04 	1.36792E-04 	1.45304E-04 	1.38556E-04 	1.38530E-04 	1.27146E-04 	1.20174E-04 	1.12162E-04 	1.09589E-04 	7.11767E-05 	
1.26187E-04 	1.39107E-04 	1.38608E-04 	1.38671E-04 	1.41922E-04 	1.47482E-04 	1.44174E-04 	1.44544E-04 	1.37387E-04 	1.49844E-04 	1.30903E-04 	1.32293E-04 	1.24859E-04 	1.08396E-04 	7.85792E-05 	
1.31174E-04 	1.28996E-04 	1.44123E-04 	1.47681E-04 	1.50220E-04 	1.55329E-04 	1.47186E-04 	1.56168E-04 	1.47906E-04 	1.40566E-04 	1.40010E-04 	1.39556E-04 	1.28705E-04 	1.14144E-04 	8.38829E-05 	
1.23830E-04 	1.19761E-04 	1.31500E-04 	1.33918E-04 	1.45269E-04 	1.30068E-04 	1.33295E-04 	1.38343E-04 	1.31143E-04 	1.34823E-04 	1.26644E-04 	1.24401E-04 	1.02103E-04 	1.01943E-04 	7.82649E-05 	
1.18207E-04 	1.33077E-04 	1.30837E-04 	1.32536E-04 	1.33655E-04 	1.35009E-04 	1.30342E-04 	1.41299E-04 	1.38109E-04 	1.30309E-04 	1.23089E-04 	1.19098E-04 	1.14070E-04 	1.00769E-04 	7.06260E-05 	
1.22143E-04 	1.28894E-04 	1.19219E-04 	1.31721E-04 	1.35908E-04 	1.39147E-04 	1.38368E-04 	1.26638E-04 	1.35298E-04 	1.37075E-04 	1.35018E-04 	1.14332E-04 	1.14513E-04 	1.01665E-04 	7.18733E-05 	
1.24015E-04 	1.25187E-04 	1.43503E-04 	1.39642E-04 	1.33259E-04 	1.47503E-04 	1.40607E-04 	1.43733E-04 	1.39214E-04 	1.34385E-04 	1.33658E-04 	1.30533E-04 	1.17029E-04 	9.49366E-05 	7.20756E-05 	
1.30503E-04 	1.32064E-04 	1.42971E-04 	1.40818E-04 	1.39040E-04 	1.35382E-04 	1.43030E-04 	1.46310E-04 	1.42376E-04 	1.36037E-04 	1.31085E-04 	1.28288E-04 	1.17549E-04 	1.10060E-04 	7.88773E-05 	
1.36320E-04 	1.33083E-04 	1.38230E-04 	1.34526E-04 	1.48305E-04 	1.56176E-04 	1.42778E-04 	1.44027E-04 	1.47946E-04 	1.41839E-04 	1.41272E-04 	1.36947E-04 	1.21607E-04 	1.12062E-04 	8.01712E-05 	
1.33683E-04 	1.37395E-04 	1.33052E-04 	1.42260E-04 	1.46246E-04 	1.50544E-04 	1.48681E-04 	1.48249E-04 	1.57246E-04 	1.38185E-04 	1.35722E-04 	1.27283E-04 	1.23317E-04 	1.07910E-04 	7.25962E-05 	
1.27297E-04 	1.37669E-04 	1.42192E-04 	1.37840E-04 	1.44083E-04 	1.51972E-04 	1.44260E-04 	1.48004E-04 	1.41255E-04 	1.43035E-04 	1.37903E-04 	1.30244E-04 	1.22769E-04 	1.13355E-04 	7.77916E-05 	
1.30797E-04 	1.38109E-04 	1.53187E-04 	1.41789E-04 	1.48499E-04 	1.48621E-04 	1.58500E-04 	1.51704E-04 	1.48165E-04 	1.44306E-04 	1.46363E-04 	1.35107E-04 	1.26012E-04 	1.07219E-04 	7.92483E-05 	
1.30074E-04 	1.34364E-04 	1.42449E-04 	1.40100E-04 	1.50138E-04 	1.47661E-04 	1.54741E-04 	1.43262E-04 	1.49199E-04 	1.45931E-04 	1.40838E-04 	1.34393E-04 	1.15413E-04 	1.18647E-04 	7.77558E-05 	
1.34411E-04 	1.40198E-04 	1.40917E-04 	1.44841E-04 	1.42560E-04 	1.53549E-04 	1.53257E-04 	1.57849E-04 	1.55598E-04 	1.44409E-04 	1.41734E-04 	1.31572E-04 	1.27919E-04 	1.12592E-04 	7.90307E-05 	
1.33756E-04 	1.40911E-04 	1.45191E-04 	1.48589E-04 	1.43448E-04 	1.48546E-04 	1.51387E-04 	1.47366E-04 	1.48910E-04 	1.46455E-04 	1.45096E-04 	1.38390E-04 	1.29019E-04 	1.19640E-04 	7.79424E-05 	
1.31693E-04 	1.39104E-04 	1.50655E-04 	1.50079E-04 	1.46106E-04 	1.55675E-04 	1.53920E-04 	1.53557E-04 	1.45219E-04 	1.46630E-04 	1.43073E-04 	1.42700E-04 	1.26122E-04 	1.15797E-04 	8.31334E-05 	
1.28665E-04 	1.44605E-04 	1.47260E-04 	1.41631E-04 	1.49661E-04 	1.63349E-04 	1.55079E-04 	1.51972E-04 	1.56177E-04 	1.43995E-04 	1.48868E-04 	1.37888E-04 	1.31373E-04 	1.09231E-04 	8.44488E-05 	
1.28669E-04 	1.43169E-04 	1.40949E-04 	1.41776E-04 	1.53625E-04 	1.54917E-04 	1.53506E-04 	1.65856E-04 	1.57207E-04 	1.57864E-04 	1.54968E-04 	1.32652E-04 	1.18080E-04 	1.16481E-04 	8.22266E-05 	
1.36160E-04 	1.43743E-04 	1.51495E-04 	1.47678E-04 	1.56717E-04 	1.55836E-04 	1.56959E-04 	1.58781E-04 	1.56153E-04 	1.42692E-04 	1.48260E-04 	1.53389E-04 	1.37706E-04 	1.15995E-04 	7.81976E-05 	
1.32663E-04 	1.39785E-04 	1.49294E-04 	1.49820E-04 	1.54543E-04 	1.46995E-04 	1.54724E-04 	1.56214E-04 	1.47939E-04 	1.55982E-04 	1.43734E-04 	1.33081E-04 	1.33943E-04 	1.11877E-04 	8.68227E-05 	
1.32044E-04 	1.42134E-04 	1.46753E-04 	1.46156E-04 	1.44070E-04 	1.63570E-04 	1.58598E-04 	1.64478E-04 	1.44211E-04 	1.48442E-04 	1.55119E-04 	1.46157E-04 	1.29094E-04 	1.15633E-04 	8.43899E-05 	
1.30824E-04 	1.43563E-04 	1.49240E-04 	1.43830E-04 	1.49340E-04 	1.53409E-04 	1.57617E-04 	1.55437E-04 	1.58253E-04 	1.55813E-04 	1.58502E-04 	1.36306E-04 	1.27455E-04 	1.21996E-04 	8.81739E-05 	
1.28521E-04 	1.43294E-04 	1.51659E-04 	1.45064E-04 	1.56192E-04 	1.61915E-04 	1.59940E-04 	1.65165E-04 	1.58171E-04 	1.57280E-04 	1.54221E-04 	1.44341E-04 	1.37393E-04 	1.18557E-04 	8.07056E-05 	
1.41405E-04 	1.45300E-04 	1.50237E-04 	1.53599E-04 	1.53061E-04 	1.57899E-04 	1.74024E-04 	1.48671E-04 	1.60764E-04 	1.55773E-04 	1.53297E-04 	1.53148E-04 	1.34200E-04 	1.16755E-04 	8.74608E-05 	
1.38758E-04 	1.38496E-04 	1.51229E-04 	1.52907E-04 	1.54300E-04 	1.57267E-04 	1.53809E-04 	1.68616E-04 	1.57236E-04 	1.56999E-04 	1.54229E-04 	1.43321E-04 	1.32457E-04 	1.17750E-04 	8.19086E-05 	
1.34431E-04 	1.48459E-04 	1.51478E-04 	1.48288E-04 	1.46724E-04 	1.59320E-04 	1.61701E-04 	1.62640E-04 	1.49663E-04 	1.63276E-04 	1.47565E-04 	1.42043E-04 	1.26618E-04 	1.18366E-04 	8.60298E-05 	
1.30338E-04 	1.36566E-04 	1.51523E-04 	1.56793E-04 	1.58020E-04 	1.48891E-04 	1.60882E-04 	1.61910E-04 	1.54974E-04 	1.51223E-04 	1.58145E-04 	1.49665E-04 	1.42124E-04 	1.16224E-04 	8.18360E-05 	
1.38756E-04 	1.34539E-04 	1.52482E-04 	1.47204E-04 	1.57886E-04 	1.59536E-04 	1.69917E-04 	1.54903E-04 	1.67012E-04 	1.50591E-04 	1.59668E-04 	1.55262E-04 	1.34484E-04 	1.14319E-04 	8.72774E-05 	
1.31762E-04 	1.42579E-04 	1.54553E-04 	1.46084E-04 	1.53017E-04 	1.58480E-04 	1.59429E-04 	1.63311E-04 	1.66789E-04 	1.50015E-04 	1.66688E-04 	1.50603E-04 	1.37351E-04 	1.27110E-04 	9.37685E-05 	
1.41900E-04 	1.41072E-04 	1.46506E-04 	1.58861E-04 	1.47286E-04 	1.62501E-04 	1.62476E-04 	1.58378E-04 	1.61621E-04 	1.65953E-04 	1.47755E-04 	1.34597E-04 	1.26893E-04 	1.24153E-04 	8.09143E-05 	
1.29258E-04 	1.43517E-04 	1.47866E-04 	1.50872E-04 	1.51888E-04 	1.51481E-04 	1.59915E-04 	1.63027E-04 	1.59783E-04 	1.47126E-04 	1.50283E-04 	1.40763E-04 	1.37014E-04 	1.15459E-04 	8.45261E-05 	
1.36873E-04 	1.35405E-04 	1.47963E-04 	1.47110E-04 	1.57371E-04 	1.59447E-04 	1.61380E-04 	1.63043E-04 	1.52990E-04 	1.54232E-04 	1.49232E-04 	1.48419E-04 	1.31889E-04 	1.14508E-04 	7.84998E-05 	
1.36299E-04 	1.47173E-04 	1.61907E-04 	1.48109E-04 	1.56846E-04 	1.58246E-04 	1.63617E-04 	1.61790E-04 	1.75212E-04 	1.54793E-04 	1.70560E-04 	1.66080E-04 	1.42040E-04 	1.20337E-04 	8.87161E-05 	
1.29122E-04 	1.39610E-04 	1.47610E-04 	1.44870E-04 	1.58766E-04 	1.53451E-04 	1.54098E-04 	1.62740E-04 	1.59417E-04 	1.59533E-04 	1.52850E-04 	1.47233E-04 	1.30057E-04 	1.19756E-04 	9.01368E-05 	
1.26474E-04 	1.31261E-04 	1.34446E-04 	1.42876E-04 	1.44413E-04 	1.45943E-04 	1.44371E-04 	1.60234E-04 	1.53104E-04 	1.48568E-04 	1.54558E-04 	1.31290E-04 	1.26053E-04 	1.13811E-04 	7.06140E-05 	
1.29329E-04 	1.31683E-04 	1.38223E-04 	1.37258E-04 	1.45168E-04 	1.49763E-04 	1.53342E-04 	1.54742E-04 	1.44623E-04 	1.39987E-04 	1.44976E-04 	1.40634E-04 	1.29554E-04 	1.14846E-04 	7.92995E-05 	
1.22751E-04 	1.26550E-04 	1.40244E-04 	1.44095E-04 	1.43025E-04 	1.49084E-04 	1.45478E-04 	1.51547E-04 	1.57844E-04 	1.49511E-04 	1.45440E-04 	1.41659E-04 	1.23327E-04 	1.11334E-04 	7.92511E-05 	
1.29343E-04 	1.36907E-04 	1.45724E-04 	1.43319E-04 	1.39473E-04 	1.52907E-04 	1.53136E-04 	1.49761E-04 	1.58628E-04 	1.53182E-04 	1.47734E-04 	1.48123E-04 	1.32934E-04 	1.11294E-04 	8.38922E-05 	
1.29364E-04 	1.43804E-04 	1.48783E-04 	1.52278E-04 	1.62223E-04 	1.55324E-04 	1.56230E-04 	1.68555E-04 	1.65092E-04 	1.61304E-04 	1.65944E-04 	1.55740E-04 	1.37790E-04 	1.21923E-04 	8.94688E-05 	
1.43762E-04 	1.36208E-04 	1.49625E-04 	1.46048E-04 	1.53604E-04 	1.58777E-04 	1.62525E-04 	1.68146E-04 	1.59596E-04 	1.65540E-04 	1.65832E-04 	1.37108E-04 	1.43340E-04 	1.22763E-04 	8.56526E-05 	
1.31316E-04 	1.46448E-04 	1.44132E-04 	1.54035E-04 	1.44948E-04 	1.67400E-04 	1.64575E-04 	1.73212E-04 	1.57181E-04 	1.60713E-04 	1.57223E-04 	1.47287E-04 	1.33947E-04 	1.20717E-04 	8.52872E-05 	
1.27939E-04 	1.43829E-04 	1.56925E-04 	1.49424E-04 	1.57261E-04 	1.63618E-04 	1.56280E-04 	1.46939E-04 	1.65218E-04 	1.63039E-04 	1.54869E-04 	1.58494E-04 	1.35882E-04 	1.24009E-04 	8.01450E-05 	
1.33620E-04 	1.44991E-04 	1.46517E-04 	1.45909E-04 	1.51283E-04 	1.51655E-04 	1.59869E-04 	1.57384E-04 	1.79335E-04 	1.62868E-04 	1.51484E-04 	1.51683E-04 	1.45409E-04 	1.10683E-04 	9.11265E-05 	
1.30207E-04 	1.36865E-04 	1.47282E-04 	1.56142E-04 	1.60179E-04 	1.53646E-04 	1.56690E-04 	1.72124E-04 	1.67136E-04 	1.61236E-04 	1.71607E-04 	1.59281E-04 	1.46572E-04 	1.19698E-04 	8.99314E-05 	
1.30393E-04 	1.48326E-04 	1.47703E-04 	1.51750E-04 	1.48375E-04 	1.67661E-04 	1.68110E-04 	1.75166E-04 	1.62017E-04 	1.65865E-04 	1.61430E-04 	1.56700E-04 	1.42955E-04 	1.35640E-04 	9.19338E-05 	
1.36209E-04 	1.45615E-04 	1.53350E-04 	1.53924E-04 	1.57518E-04 	1.62359E-04 	1.68235E-04 	1.57261E-04 	1.71646E-04 	1.72899E-04 	1.54510E-04 	1.58971E-04 	1.43331E-04 	1.24414E-04 	9.17607E-05 	
1.29512E-04 	1.42760E-04 	1.51334E-04 	1.61380E-04 	1.57765E-04 	1.58286E-04 	1.70913E-04 	1.62392E-04 	1.69172E-04 	1.66149E-04 	1.66546E-04 	1.61125E-04 	1.43861E-04 	1.22237E-04 	8.79675E-05 	
1.33330E-04 	1.41242E-04 	1.47573E-04 	1.49772E-04 	1.64662E-04 	1.61530E-04 	1.73299E-04 	1.65872E-04 	1.75161E-04 	1.72705E-04 	1.79484E-04 	1.60524E-04 	1.47996E-04 	1.19976E-04 	9.55962E-05 	
1.34221E-04 	1.35393E-04 	1.46059E-04 	1.55727E-04 	1.51643E-04 	1.50588E-04 	1.62047E-04 	1.62140E-04 	1.66763E-04 	1.63363E-04 	1.57851E-04 	1.63584E-04 	1.45875E-04 	1.29370E-04 	8.95102E-05 	
1.30060E-04 	1.43672E-04 	1.47395E-04 	1.58264E-04 	1.63351E-04 	1.71855E-04 	1.73992E-04 	1.68609E-04 	1.77516E-04 	1.72812E-04 	1.58221E-04 	1.64826E-04 	1.53371E-04 	1.33329E-04 	9.86659E-05 	
1.36157E-04 	1.45713E-04 	1.52094E-04 	1.48307E-04 	1.44932E-04 	1.57019E-04 	1.68278E-04 	1.61363E-04 	1.70517E-04 	1.77781E-04 	1.72423E-04 	1.59742E-04 	1.57028E-04 	1.25825E-04 	9.77877E-05 	
1.33820E-04 	1.44551E-04 	1.54547E-04 	1.57657E-04 	1.54668E-04 	1.63530E-04 	1.68726E-04 	1.72124E-04 	1.81314E-04 	1.70560E-04 	1.77484E-04 	1.63430E-04 	1.56896E-04 	1.24884E-04 	9.47849E-05 	
1.31650E-04 	1.45445E-04 	1.49757E-04 	1.54851E-04 	1.55164E-04 	1.58312E-04 	1.67009E-04 	1.71467E-04 	1.71116E-04 	1.73084E-04 	1.82676E-04 	1.69459E-04 	1.51747E-04 	1.21327E-04 	9.61061E-05 	
1.28446E-04 	1.40191E-04 	1.45234E-04 	1.63523E-04 	1.73535E-04 	1.58110E-04 	1.72232E-04 	1.69434E-04 	1.81562E-04 	1.71492E-04 	1.56495E-04 	1.72220E-04 	1.52499E-04 	1.37058E-04 	9.11570E-05 	
1.35582E-04 	1.45144E-04 	1.49903E-04 	1.55829E-04 	1.57947E-04 	1.67351E-04 	1.68548E-04 	1.72914E-04 	1.67952E-04 	1.85372E-04 	1.74945E-04 	1.69989E-04 	1.65036E-04 	1.37624E-04 	9.59464E-05 	
1.35494E-04 	1.53702E-04 	1.41235E-04 	1.50713E-04 	1.51837E-04 	1.58827E-04 	1.70783E-04 	1.71838E-04 	1.82037E-04 	1.81313E-04 	1.70793E-04 	1.62283E-04 	1.55580E-04 	1.30893E-04 	9.95090E-05 	
1.31622E-04 	1.36559E-04 	1.54330E-04 	1.56631E-04 	1.63082E-04 	1.67220E-04 	1.69834E-04 	1.68070E-04 	1.70019E-04 	1.88421E-04 	1.76609E-04 	1.67601E-04 	1.52600E-04 	1.31395E-04 	9.75696E-05 	
1.34687E-04 	1.39007E-04 	1.52169E-04 	1.54239E-04 	1.67341E-04 	1.65337E-04 	1.68259E-04 	1.69895E-04 	1.75292E-04 	1.60924E-04 	1.78555E-04 	1.71722E-04 	1.61062E-04 	1.36463E-04 	9.60243E-05 	
1.26793E-04 	1.29858E-04 	1.48330E-04 	1.50842E-04 	1.66415E-04 	1.63626E-04 	1.66506E-04 	1.71337E-04 	1.76094E-04 	1.71811E-04 	1.78928E-04 	1.74519E-04 	1.60937E-04 	1.27310E-04 	9.90434E-05 	
1.41678E-04 	1.41598E-04 	1.46637E-04 	1.55420E-04 	1.66021E-04 	1.71636E-04 	1.70116E-04 	1.70139E-04 	1.80542E-04 	1.83958E-04 	1.73017E-04 	1.61266E-04 	1.59516E-04 	1.35952E-04 	9.37565E-05 	
1.30876E-04 	1.53061E-04 	1.50333E-04 	1.49748E-04 	1.62139E-04 	1.57376E-04 	1.66966E-04 	1.75814E-04 	1.79490E-04 	1.99605E-04 	1.74688E-04 	1.68086E-04 	1.66772E-04 	1.37028E-04 	9.86882E-05 	
1.36456E-04 	1.38231E-04 	1.45987E-04 	1.55435E-04 	1.68621E-04 	1.64417E-04 	1.66777E-04 	1.74890E-04 	1.79728E-04 	1.82674E-04 	1.85369E-04 	1.78029E-04 	1.64261E-04 	1.40915E-04 	9.73819E-05 	
1.28365E-04 	1.42506E-04 	1.46859E-04 	1.48781E-04 	1.54023E-04 	1.66231E-04 	1.60418E-04 	1.75168E-04 	1.74994E-04 	1.73346E-04 	1.74604E-04 	1.73188E-04 	1.58060E-04 	1.40018E-04 	9.28809E-05 	
1.27050E-04 	1.25671E-04 	1.48386E-04 	1.49948E-04 	1.59399E-04 	1.65232E-04 	1.65841E-04 	1.62737E-04 	1.73445E-04 	1.72726E-04 	1.83029E-04 	1.66359E-04 	1.58191E-04 	1.29035E-04 	9.01973E-05 	
1.32352E-04 	1.30659E-04 	1.43694E-04 	1.50690E-04 	1.58137E-04 	1.65735E-04 	1.58412E-04 	1.67176E-04 	1.77180E-04 	1.72429E-04 	1.73235E-04 	1.65224E-04 	1.66894E-04 	1.33529E-04 	9.51530E-05 	
1.23218E-04 	1.43463E-04 	1.40996E-04 	1.60898E-04 	1.64879E-04 	1.64242E-04 	1.73409E-04 	1.78331E-04 	1.76362E-04 	1.83944E-04 	1.81301E-04 	1.80586E-04 	1.66833E-04 	1.32780E-04 	9.88916E-05 	
1.21667E-04 	1.38381E-04 	1.40111E-04 	1.51558E-04 	1.64674E-04 	1.63583E-04 	1.66121E-04 	1.74464E-04 	1.72024E-04 	1.85650E-04 	1.75869E-04 	1.75092E-04 	1.64595E-04 	1.43742E-04 	9.91024E-05 	
1.20921E-04 	1.28964E-04 	1.41573E-04 	1.31208E-04 	1.45927E-04 	1.59400E-04 	1.58268E-04 	1.47996E-04 	1.63271E-04 	1.67986E-04 	1.77104E-04 	1.62073E-04 	1.48728E-04 	1.30588E-04 	8.41206E-05 	
1.21384E-04 	1.29280E-04 	1.25170E-04 	1.33839E-04 	1.46927E-04 	1.51874E-04 	1.46223E-04 	1.67102E-04 	1.61051E-04 	1.68322E-04 	1.72765E-04 	1.64247E-04 	1.58561E-04 	1.24622E-04 	8.75603E-05 	
1.20201E-04 	1.15175E-04 	1.35989E-04 	1.35774E-04 	1.43380E-04 	1.48929E-04 	1.61473E-04 	1.57004E-04 	1.57928E-04 	1.64497E-04 	1.73432E-04 	1.57603E-04 	1.54138E-04 	1.39058E-04 	9.17870E-05 	
1.20785E-04 	1.25336E-04 	1.34648E-04 	1.43874E-04 	1.46066E-04 	1.54074E-04 	1.58543E-04 	1.55901E-04 	1.66881E-04 	1.74240E-04 	1.61191E-04 	1.68236E-04 	1.57521E-04 	1.30496E-04 	9.16584E-05 	
1.26194E-04 	1.31167E-04 	1.25642E-04 	1.43559E-04 	1.46943E-04 	1.57470E-04 	1.55187E-04 	1.66398E-04 	1.63717E-04 	1.84424E-04 	1.68604E-04 	1.81757E-04 	1.63247E-04 	1.35356E-04 	9.83546E-05 	
1.26862E-04 	1.32897E-04 	1.42934E-04 	1.54525E-04 	1.60301E-04 	1.58074E-04 	1.69295E-04 	1.70003E-04 	1.71857E-04 	1.74039E-04 	1.87590E-04 	1.66958E-04 	1.59487E-04 	1.51741E-04 	9.56553E-05 	
1.16677E-04 	1.31921E-04 	1.37166E-04 	1.52240E-04 	1.57279E-04 	1.71813E-04 	1.57711E-04 	1.70044E-04 	1.65070E-04 	1.72868E-04 	1.88615E-04 	1.75282E-04 	1.58500E-04 	1.36185E-04 	9.70094E-05 	
1.25808E-04 	1.22886E-04 	1.39836E-04 	1.44665E-04 	1.55021E-04 	1.58258E-04 	1.80126E-04 	1.66850E-04 	1.67952E-04 	1.87658E-04 	1.88704E-04 	1.83830E-04 	1.63125E-04 	1.46201E-04 	1.03268E-04 	
1.25304E-04 	1.26792E-04 	1.40637E-04 	1.42353E-04 	1.61787E-04 	1.61402E-04 	1.72321E-04 	1.71278E-04 	1.70279E-04 	1.79938E-04 	1.85202E-04 	1.79489E-04 	1.72197E-04 	1.55529E-04 	9.41037E-05 	
1.16926E-04 	1.30144E-04 	1.26720E-04 	1.49280E-04 	1.51274E-04 	1.43275E-04 	1.56871E-04 	1.77230E-04 	1.70718E-04 	1.85836E-04 	1.87930E-04 	1.79848E-04 	1.69606E-04 	1.45996E-04 	9.77462E-05 	
1.26329E-04 	1.29971E-04 	1.26115E-04 	1.48229E-04 	1.46524E-04 	1.59941E-04 	1.63165E-04 	1.58257E-04 	1.75918E-04 	1.71964E-04 	1.83770E-04 	1.81032E-04 	1.73323E-04 	1.49889E-04 	1.03007E-04 	
1.21836E-04 	1.28028E-04 	1.38053E-04 	1.39895E-04 	1.50479E-04 	1.66428E-04 	1.69340E-04 	1.66620E-04 	1.78807E-04 	1.85344E-04 	1.75650E-04 	1.81165E-04 	1.71726E-04 	1.47776E-04 	1.05404E-04 	
1.22758E-04 	1.32313E-04 	1.37605E-04 	1.42799E-04 	1.58829E-04 	1.62053E-04 	1.62233E-04 	1.68672E-04 	1.67934E-04 	1.79225E-04 	1.89348E-04 	1.83738E-04 	1.76502E-04 	1.49576E-04 	1.01592E-04 	
1.20955E-04 	1.24400E-04 	1.43324E-04 	1.32707E-04 	1.56813E-04 	1.59785E-04 	1.73188E-04 	1.76581E-04 	1.80690E-04 	1.70237E-04 	1.88280E-04 	1.81444E-04 	1.72243E-04 	1.50331E-04 	9.97868E-05 	
1.23177E-04 	1.21459E-04 	1.29166E-04 	1.43386E-04 	1.47747E-04 	1.56656E-04 	1.54395E-04 	1.65839E-04 	1.65911E-04 	1.90363E-04 	1.89031E-04 	1.78814E-04 	1.79797E-04 	1.57570E-04 	1.05658E-04 	
1.09713E-04 	1.33550E-04 	1.32375E-04 	1.32365E-04 	1.47667E-04 	1.62614E-04 	1.58749E-04 	1.80087E-04 	1.78239E-04 	1.89882E-04 	1.83662E-04 	1.93833E-04 	1.70256E-04 	1.70518E-04 	1.11170E-04 	
1.14840E-04 	1.20155E-04 	1.23786E-04 	1.47453E-04 	1.52160E-04 	1.61960E-04 	1.61302E-04 	1.60865E-04 	1.81873E-04 	1.79955E-04 	1.92412E-04 	1.84832E-04 	1.84412E-04 	1.54268E-04 	1.06579E-04 	
1.19589E-04 	1.28579E-04 	1.46716E-04 	1.32199E-04 	1.48550E-04 	1.56618E-04 	1.58537E-04 	1.65612E-04 	1.77693E-04 	1.77838E-04 	1.87732E-04 	1.84645E-04 	1.93896E-04 	1.62437E-04 	1.08967E-04 	
1.14578E-04 	1.29866E-04 	1.31910E-04 	1.38019E-04 	1.40188E-04 	1.64498E-04 	1.62705E-04 	1.70201E-04 	1.71443E-04 	1.74307E-04 	1.88736E-04 	1.87643E-04 	1.76073E-04 	1.61915E-04 	9.76809E-05 	
1.09653E-04 	1.18484E-04 	1.29361E-04 	1.42746E-04 	1.50158E-04 	1.53199E-04 	1.67497E-04 	1.66948E-04 	1.69207E-04 	1.85585E-04 	1.94648E-04 	1.84370E-04 	1.75064E-04 	1.66108E-04 	1.08772E-04 	
1.15723E-04 	1.26605E-04 	1.28751E-04 	1.30922E-04 	1.32306E-04 	1.60918E-04 	1.60595E-04 	1.78479E-04 	1.78141E-04 	1.78179E-04 	1.88279E-04 	1.89474E-04 	1.80514E-04 	1.67295E-04 	1.09674E-04 	
1.14831E-04 	1.12228E-04 	1.28860E-04 	1.32148E-04 	1.38379E-04 	1.58393E-04 	1.54442E-04 	1.71220E-04 	1.62023E-04 	1.88262E-04 	1.73048E-04 	1.90248E-04 	1.79466E-04 	1.59440E-04 	1.11353E-04 	
1.13025E-04 	1.23937E-04 	1.36865E-04 	1.35423E-04 	1.50016E-04 	1.63687E-04 	1.54082E-04 	1.59804E-04 	1.77731E-04 	1.84919E-04 	1.83032E-04 	1.80040E-04 	1.86851E-04 	1.63740E-04 	1.05613E-04 	
1.17225E-04 	1.14542E-04 	1.33251E-04 	1.31539E-04 	1.49797E-04 	1.55819E-04 	1.57779E-04 	1.75111E-04 	1.65772E-04 	1.83874E-04 	1.94784E-04 	1.92304E-04 	1.93392E-04 	1.84053E-04 	1.09403E-04 	
1.16020E-04 	1.29230E-04 	1.23000E-04 	1.34134E-04 	1.46525E-04 	1.59293E-04 	1.58214E-04 	1.68518E-04 	1.68938E-04 	1.79489E-04 	1.99565E-04 	1.86630E-04 	1.88106E-04 	1.64233E-04 	1.07293E-04 	
1.09360E-04 	1.14225E-04 	1.24742E-04 	1.27798E-04 	1.28157E-04 	1.49469E-04 	1.62318E-04 	1.73642E-04 	1.72047E-04 	1.74711E-04 	1.94109E-04 	1.84343E-04 	1.96036E-04 	1.73695E-04 	1.10387E-04 	
1.17321E-04 	1.16304E-04 	1.29390E-04 	1.36560E-04 	1.38147E-04 	1.41421E-04 	1.63051E-04 	1.60867E-04 	1.58946E-04 	1.83146E-04 	1.76796E-04 	1.88739E-04 	1.77783E-04 	1.60110E-04 	1.13478E-04 	
1.04243E-04 	9.97986E-05 	1.18747E-04 	1.33541E-04 	1.26825E-04 	1.52871E-04 	1.54263E-04 	1.72368E-04 	1.78651E-04 	1.79501E-04 	1.83452E-04 	1.87364E-04 	1.85780E-04 	1.62033E-04 	1.12750E-04 	
1.14604E-04 	1.09563E-04 	1.19105E-04 	1.33933E-04 	1.41722E-04 	1.41065E-04 	1.49680E-04 	1.65184E-04 	1.73455E-04 	1.81158E-04 	1.98737E-04 	1.88161E-04 	1.86498E-04 	1.77813E-04 	1.14012E-04 	
1.17217E-04 	1.27878E-04 	1.18950E-04 	1.21226E-04 	1.41655E-04 	1.52165E-04 	1.57648E-04 	1.67548E-04 	1.70046E-04 	1.81023E-04 	1.87500E-04 	1.97699E-04 	1.95108E-04 	1.75088E-04 	1.13895E-04 	
9.93902E-05 	1.16430E-04 	1.24221E-04 	1.23190E-04 	1.31573E-04 	1.49417E-04 	1.60331E-04 	1.57769E-04 	1.75705E-04 	1.75302E-04 	1.86585E-04 	1.98323E-04 	1.86458E-04 	1.85368E-04 	1.15953E-04 	
1.11367E-04 	1.13306E-04 	1.23398E-04 	1.24536E-04 	1.31631E-04 	1.37420E-04 	1.47675E-04 	1.56141E-04 	1.58170E-04 	1.77029E-04 	1.80327E-04 	1.82819E-04 	1.72852E-04 	1.76722E-04 	1.19797E-04 	
1.10721E-04 	1.09820E-04 	1.19951E-04 	1.20590E-04 	1.27878E-04 	1.29735E-04 	1.51954E-04 	1.54051E-04 	1.56048E-04 	1.69036E-04 	1.69930E-04 	1.87856E-04 	1.92169E-04 	1.60310E-04 	1.03579E-04 	
1.01499E-04 	1.00872E-04 	1.18948E-04 	1.35985E-04 	1.25290E-04 	1.42711E-04 	1.50681E-04 	1.56446E-04 	1.60797E-04 	1.61884E-04 	1.83193E-04 	1.78686E-04 	1.82854E-04 	1.66373E-04 	1.11750E-04 	
1.00935E-04 	1.07131E-04 	1.16358E-04 	1.18070E-04 	1.33681E-04 	1.38676E-04 	1.44067E-04 	1.54807E-04 	1.66076E-04 	1.71844E-04 	1.92795E-04 	1.92966E-04 	1.84135E-04 	1.73432E-04 	1.15306E-04 	
9.91412E-05 	1.09528E-04 	1.10034E-04 	1.28369E-04 	1.29890E-04 	1.42064E-04 	1.40678E-04 	1.63702E-04 	1.71940E-04 	1.70666E-04 	1.70164E-04 	1.97247E-04 	1.86058E-04 	1.79723E-04 	1.23445E-04 	
9.78197E-05 	1.06863E-04 	1.09350E-04 	1.11313E-04 	1.28953E-04 	1.26381E-04 	1.35864E-04 	1.51120E-04 	1.55944E-04 	1.58715E-04 	1.72072E-04 	1.74330E-04 	1.75016E-04 	1.61744E-04 	1.22339E-04 	
9.33284E-05 	9.93417E-05 	9.99371E-05 	1.15964E-04 	1.10460E-04 	1.21662E-04 	1.40324E-04 	1.49140E-04 	1.55914E-04 	1.62692E-04 	1.71957E-04 	1.70658E-04 	1.70084E-04 	1.62412E-04 	1.10014E-04 	
9.83969E-05 	9.35979E-05 	1.02005E-04 	1.16619E-04 	1.13306E-04 	1.13632E-04 	1.41116E-04 	1.36730E-04 	1.50935E-04 	1.62557E-04 	1.71827E-04 	1.75259E-04 	1.64137E-04 	1.67948E-04 	1.15997E-04 	
9.58611E-05 	9.99400E-05 	1.06132E-04 	1.07907E-04 	1.08597E-04 	1.24197E-04 	1.27387E-04 	1.36622E-04 	1.52199E-04 	1.46071E-04 	1.69372E-04 	1.77658E-04 	1.76593E-04 	1.67663E-04 	1.09116E-04 	
9.61766E-05 	9.46165E-05 	9.67946E-05 	1.16053E-04 	1.17909E-04 	1.21042E-04 	1.32020E-04 	1.30889E-04 	1.49659E-04 	1.50273E-04 	1.64348E-04 	1.76076E-04 	1.71103E-04 	1.72570E-04 	1.11090E-04 	
8.81669E-05 	1.00580E-04 	1.07937E-04 	1.15427E-04 	1.23247E-04 	1.19627E-04 	1.31934E-04 	1.50083E-04 	1.72897E-04 	1.63859E-04 	1.73358E-04 	1.82605E-04 	1.82842E-04 	1.61739E-04 	1.22682E-04 	
8.91869E-05 	9.86680E-05 	1.03822E-04 	1.01759E-04 	1.23708E-04 	1.19494E-04 	1.31162E-04 	1.41498E-04 	1.57499E-04 	1.59692E-04 	1.66961E-04 	1.85217E-04 	1.70091E-04 	1.68492E-04 	1.33742E-04 	
9.78559E-05 	9.32707E-05 	9.70150E-05 	1.08574E-04 	1.20128E-04 	1.23167E-04 	1.35430E-04 	1.32336E-04 	1.41591E-04 	1.60617E-04 	1.75269E-04 	1.81319E-04 	1.82637E-04 	1.71425E-04 	1.18695E-04 	
9.44396E-05 	9.72361E-05 	1.00492E-04 	1.11028E-04 	1.15779E-04 	1.14127E-04 	1.34563E-04 	1.32426E-04 	1.46997E-04 	1.58901E-04 	1.66738E-04 	1.79842E-04 	1.88604E-04 	1.73840E-04 	1.25639E-04 	
9.22199E-05 	9.59532E-05 	9.41522E-05 	1.10644E-04 	1.11788E-04 	1.12012E-04 	1.36287E-04 	1.39164E-04 	1.44820E-04 	1.60256E-04 	1.57321E-04 	1.76769E-04 	1.82408E-04 	1.64212E-04 	1.23576E-04 	
8.76961E-05 	9.61116E-05 	9.01228E-05 	1.00625E-04 	1.09450E-04 	1.29289E-04 	1.15600E-04 	1.49374E-04 	1.36663E-04 	1.51685E-04 	1.61692E-04 	1.88624E-04 	1.77435E-04 	1.79546E-04 	1.21377E-04 	
8.50491E-05 	9.55197E-05 	9.64671E-05 	9.45393E-05 	1.01860E-04 	1.17612E-04 	1.14914E-04 	1.30830E-04 	1.45653E-04 	1.42168E-04 	1.52736E-04 	1.74481E-04 	1.78392E-04 	1.79079E-04 	1.25885E-04 	
8.20784E-05 	8.88407E-05 	8.34090E-05 	9.23568E-05 	1.10197E-04 	1.07491E-04 	1.13593E-04 	1.27099E-04 	1.39117E-04 	1.54794E-04 	1.63256E-04 	1.79653E-04 	1.77072E-04 	1.58534E-04 	1.23366E-04 	
9.17313E-05 	9.45625E-05 	1.02935E-04 	9.61497E-05 	1.09574E-04 	1.11745E-04 	1.15546E-04 	1.24515E-04 	1.39344E-04 	1.53403E-04 	1.52268E-04 	1.79135E-04 	1.80712E-04 	1.64542E-04 	1.19931E-04 	
8.21564E-05 	8.74306E-05 	9.19844E-05 	9.55659E-05 	1.11107E-04 	1.14598E-04 	1.23615E-04 	1.25312E-04 	1.38779E-04 	1.38961E-04 	1.55920E-04 	1.62478E-04 	1.86389E-04 	1.73589E-04 	1.24901E-04 	
7.47769E-05 	9.23609E-05 	8.72445E-05 	9.79413E-05 	9.30413E-05 	1.09459E-04 	1.12039E-04 	1.38083E-04 	1.28900E-04 	1.42078E-04 	1.47577E-04 	1.58881E-04 	1.72133E-04 	1.61209E-04 	1.25433E-04 	
7.70868E-05 	8.22411E-05 	8.89085E-05 	9.85277E-05 	9.48857E-05 	1.05831E-04 	1.09622E-04 	1.19964E-04 	1.27910E-04 	1.37343E-04 	1.39139E-04 	1.64101E-04 	1.63326E-04 	1.63077E-04 	1.26234E-04 	
7.59871E-05 	7.99631E-05 	7.80141E-05 	8.29436E-05 	9.32452E-05 	1.09422E-04 	1.06075E-04 	1.12975E-04 	1.23045E-04 	1.31754E-04 	1.38574E-04 	1.56144E-04 	1.80626E-04 	1.69997E-04 	1.35923E-04 	
6.47234E-05 	8.13248E-05 	8.48942E-05 	7.89074E-05 	8.76737E-05 	9.14842E-05 	1.06546E-04 	1.11388E-04 	1.18361E-04 	1.38385E-04 	1.44773E-04 	1.69831E-04 	1.66410E-04 	1.66541E-04 	1.20236E-04 	
7.78033E-05 	8.08416E-05 	7.83063E-05 	8.84128E-05 	9.75599E-05 	9.34820E-05 	1.05041E-04 	1.06004E-04 	1.17446E-04 	1.23625E-04 	1.34928E-04 	1.53717E-04 	1.66958E-04 	1.66109E-04 	1.19276E-04 	
6.89337E-05 	8.16461E-05 	8.48965E-05 	7.81646E-05 	8.80555E-05 	8.72122E-05 	1.05111E-04 	1.10080E-04 	1.09124E-04 	1.38863E-04 	1.30804E-04 	1.48850E-04 	1.65749E-04 	1.60354E-04 	1.23097E-04 	
6.84394E-05 	7.04419E-05 	8.07188E-05 	7.96576E-05 	8.88099E-05 	9.00309E-05 	1.01067E-04 	1.05036E-04 	1.14497E-04 	1.17001E-04 	1.28837E-04 	1.37609E-04 	1.50344E-04 	1.59811E-04 	1.17083E-04 	
6.49963E-05 	6.83989E-05 	7.09984E-05 	8.32307E-05 	7.41827E-05 	9.32101E-05 	9.71263E-05 	9.76702E-05 	1.14447E-04 	1.12218E-04 	1.22225E-04 	1.41617E-04 	1.55766E-04 	1.46996E-04 	1.21028E-04 	
6.12900E-05 	7.36225E-05 	7.73018E-05 	7.91636E-05 	7.51151E-05 	8.08659E-05 	9.03972E-05 	9.79467E-05 	1.00108E-04 	1.16825E-04 	1.20025E-04 	1.39083E-04 	1.48106E-04 	1.61402E-04 	1.16119E-04 	
6.17533E-05 	6.71855E-05 	6.93029E-05 	6.70917E-05 	7.21656E-05 	7.38738E-05 	9.08489E-05 	9.13251E-05 	9.36323E-05 	1.08786E-04 	1.21919E-04 	1.30246E-04 	1.52263E-04 	1.50177E-04 	1.25070E-04 	
6.07761E-05 	6.07052E-05 	6.49498E-05 	6.76116E-05 	7.65925E-05 	8.04874E-05 	8.47168E-05 	8.50999E-05 	9.80339E-05 	1.12584E-04 	1.16170E-04 	1.21018E-04 	1.29531E-04 	1.39471E-04 	1.19920E-04 	
6.04293E-05 	6.12245E-05 	6.65141E-05 	6.89136E-05 	6.37155E-05 	7.88821E-05 	7.55155E-05 	9.66110E-05 	9.47879E-05 	9.06954E-05 	1.18015E-04 	1.14153E-04 	1.46719E-04 	1.41962E-04 	1.19688E-04 	
5.12655E-05 	5.10469E-05 	6.47112E-05 	6.68259E-05 	6.42363E-05 	7.31185E-05 	7.42672E-05 	8.07318E-05 	9.41544E-05 	9.15211E-05 	1.03897E-04 	1.17862E-04 	1.32627E-04 	1.30562E-04 	1.12952E-04 	
5.55449E-05 	5.39372E-05 	5.70343E-05 	5.76026E-05 	6.83168E-05 	6.91230E-05 	6.98621E-05 	8.06164E-05 	8.38067E-05 	9.79040E-05 	8.67230E-05 	1.18144E-04 	1.17699E-04 	1.26320E-04 	9.82773E-05 	
5.01926E-05 	5.70727E-05 	6.07959E-05 	5.44422E-05 	5.95963E-05 	6.06550E-05 	6.83130E-05 	7.50683E-05 	7.66617E-05 	8.07817E-05 	9.44084E-05 	9.98271E-05 	1.09058E-04 	1.28138E-04 	1.01875E-04 	
4.77035E-05 	5.41985E-05 	5.33938E-05 	5.33333E-05 	5.93792E-05 	6.25085E-05 	6.61313E-05 	6.80213E-05 	7.54010E-05 	8.00664E-05 	9.34667E-05 	9.61196E-05 	1.09636E-04 	1.19554E-04 	1.02246E-04 	
4.88010E-05 	4.73791E-05 	4.47250E-05 	4.83317E-05 	5.21055E-05 	5.76720E-05 	6.24986E-05 	6.75304E-05 	6.36870E-05 	8.59841E-05 	9.15420E-05 	9.17265E-05 	1.03610E-04 	1.10843E-04 	1.09710E-04 	
4.96357E-05 	3.86556E-05 	5.04730E-05 	4.98327E-05 	4.92457E-05 	4.72239E-05 	6.13167E-05 	5.56056E-05 	5.81572E-05 	7.03714E-05 	7.60092E-05 	8.35251E-05 	1.02190E-04 	1.06064E-04 	1.03060E-04 	
3.51307E-05 	3.42865E-05 	4.07718E-05 	4.16975E-05 	4.97347E-05 	4.60728E-05 	4.54413E-05 	5.16296E-05 	4.77140E-05 	5.80757E-05 	6.21667E-05 	7.00060E-05 	7.72186E-05 	8.61635E-05 	6.84420E-05 	
3.24248E-05 	3.74876E-05 	3.73835E-05 	4.20330E-05 	4.04619E-05 	4.40502E-05 	4.33618E-05 	4.77656E-05 	5.52070E-05 	5.31364E-05 	6.14208E-05 	6.33472E-05 	7.11631E-05 	7.90987E-05 	7.59080E-05 	
2.67993E-05 	3.11495E-05 	3.13387E-05 	3.34253E-05 	3.64454E-05 	3.98023E-05 	4.64008E-05 	4.72572E-05 	4.51240E-05 	6.06188E-05 	5.17869E-05 	6.37483E-05 	7.19762E-05 	8.15869E-05 	8.20584E-05 	
2.75306E-05 	3.16044E-05 	2.83363E-05 	3.45473E-05 	3.61454E-05 	3.76913E-05 	4.19006E-05 	4.06844E-05 	4.90569E-05 	5.34409E-05 	5.06274E-05 	7.07536E-05 	6.37823E-05 	7.72050E-05 	7.71129E-05 	
2.55332E-05 	2.95968E-05 	3.03351E-05 	3.26695E-05 	3.15562E-05 	3.02486E-05 	3.76401E-05 	4.16680E-05 	3.79078E-05 	4.68062E-05 	5.39512E-05 	6.29247E-05 	7.62804E-05 	8.21259E-05 	9.29544E-05 	
1.74091E-05 	1.81640E-05 	1.94879E-05 	1.74724E-05 	2.13765E-05 	2.19312E-05 	2.50939E-05 	2.00787E-05 	3.36148E-05 	3.07781E-05 	3.67484E-05 	3.40515E-05 	4.36729E-05 	4.62757E-05 	6.06054E-05 	
5.34426E-07 	8.73755E-08 	0.00000E+00 	3.12019E-07 	1.46702E-07 	0.00000E+00 	2.76804E-07 	0.00000E+00 	0.00000E+00 	5.53443E-07 	1.54952E-07 	2.76472E-07 	5.53167E-07 	0.00000E+00 	0.00000E+00 	
0.00000E+00 	1.23745E-08 	0.00000E+00 	0.00000E+00 	0.00000E+00 	0.00000E+00 	2.76914E-07 	3.23426E-08 	1.20810E-07 	1.51107E-07 	0.00000E+00 	3.59103E-08 	2.77186E-07 	0.00000E+00 	0.00000E+00 	
0.00000E+00 	0.00000E+00 	0.00000E+00 	4.16857E-07 	0.00000E+00 	0.00000E+00 	0.00000E+00 	0.00000E+00 	2.77707E-07 	6.55802E-07 	4.37606E-07 	0.00000E+00 	2.68592E-07 	0.00000E+00 	0.00000E+00 	
0.00000E+00 	0.00000E+00 	0.00000E+00 	2.64160E-07 	4.67016E-07 	0.00000E+00 	0.00000E+00 	0.00000E+00 	5.31803E-07 	5.56769E-07 	5.62047E-07 	5.56748E-07 	5.73675E-07 	7.90359E-07 	0.00000E+00 	
0.00000E+00 	2.52907E-07 	0.00000E+00 	2.63351E-07 	2.55630E-07 	1.81453E-07 	2.78905E-07 	0.00000E+00 	5.57611E-07 	8.36954E-07 	5.24039E-07 	2.79033E-07 	8.36521E-07 	5.12473E-07 	0.00000E+00 	
0.00000E+00 	2.48418E-07 	0.00000E+00 	8.38303E-07 	1.38492E-06 	0.00000E+00 	0.00000E+00 	2.29279E-07 	7.79574E-07 	0.00000E+00 	2.79358E-07 	6.09702E-07 	2.79306E-07 	2.79459E-07 	2.79260E-07 	
3.01075E-07 	6.02181E-07 	0.00000E+00 	0.00000E+00 	0.00000E+00 	2.73892E-08 	0.00000E+00 	2.71499E-07 	0.00000E+00 	4.73645E-07 	0.00000E+00 	3.01214E-07 	3.01001E-07 	4.93563E-07 	0.00000E+00 	
0.00000E+00 	3.01835E-07 	1.10784E-08 	0.00000E+00 	0.00000E+00 	3.82766E-07 	0.00000E+00 	3.01370E-07 	2.81552E-08 	3.83627E-07 	1.14386E-07 	6.02911E-07 	6.54711E-07 	0.00000E+00 	0.00000E+00 	
3.02247E-07 	0.00000E+00 	0.00000E+00 	3.02072E-07 	4.11236E-07 	3.36995E-07 	0.00000E+00 	0.00000E+00 	6.04509E-07 	1.20889E-06 	6.23146E-07 	0.00000E+00 	0.00000E+00 	2.85816E-07 	0.00000E+00 	
0.00000E+00 	2.67348E-07 	0.00000E+00 	0.00000E+00 	9.08787E-07 	5.07289E-09 	0.00000E+00 	0.00000E+00 	3.02728E-07 	5.86052E-07 	6.05618E-07 	0.00000E+00 	1.08202E-06 	4.38476E-07 	3.02549E-07 	
0.00000E+00 	0.00000E+00 	0.00000E+00 	0.00000E+00 	0.00000E+00 	2.62089E-07 	0.00000E+00 	0.00000E+00 	0.00000E+00 	6.49861E-07 	0.00000E+00 	5.81847E-07 	3.03659E-07 	4.68432E-07 	0.00000E+00 	
0.00000E+00 	0.00000E+00 	2.46376E-07 	3.04115E-07 	0.00000E+00 	4.22163E-07 	0.00000E+00 	3.04376E-07 	3.04065E-07 	2.81442E-07 	5.85440E-07 	5.73463E-07 	1.06614E-06 	5.86554E-07 	3.65704E-07 	
2.95142E-07 	4.69441E-07 	0.00000E+00 	3.04445E-07 	0.00000E+00 	3.04495E-07 	0.00000E+00 	3.04903E-07 	0.00000E+00 	3.04945E-07 	1.35739E-07 	3.04773E-07 	3.04528E-07 	3.04699E-07 	0.00000E+00 	
0.00000E+00 	3.05330E-07 	3.05145E-07 	0.00000E+00 	2.65616E-07 	0.00000E+00 	0.00000E+00 	0.00000E+00 	3.05395E-07 	5.26181E-07 	1.70328E-07 	6.55945E-07 	3.05636E-07 	6.10857E-07 	0.00000E+00 	
0.00000E+00 	2.81386E-07 	0.00000E+00 	3.05737E-07 	3.05997E-07 	8.91999E-07 	0.00000E+00 	0.00000E+00 	6.11954E-07 	6.11505E-07 	1.22409E-06 	0.00000E+00 	3.62933E-07 	6.12030E-07 	0.00000E+00 	
0.00000E+00 	0.00000E+00 	5.56769E-07 	0.00000E+00 	6.41222E-07 	3.06520E-07 	2.61430E-07 	0.00000E+00 	4.18125E-07 	0.00000E+00 	5.68204E-07 	3.40323E-08 	0.00000E+00 	1.22648E-06 	1.45492E-07 	
5.57921E-08 	0.00000E+00 	0.00000E+00 	0.00000E+00 	1.87998E-07 	9.54917E-07 	3.27525E-07 	0.00000E+00 	0.00000E+00 	6.63024E-07 	6.14699E-07 	4.74607E-07 	1.21038E-06 	2.48712E-07 	3.88199E-07 	
0.00000E+00 	0.00000E+00 	4.77411E-07 	3.08002E-07 	0.00000E+00 	1.08965E-07 	1.49930E-07 	3.08133E-07 	3.07724E-07 	1.30658E-07 	9.92743E-07 	4.35362E-07 	9.23919E-07 	2.87284E-08 	7.39501E-07 	
0.00000E+00 	0.00000E+00 	0.00000E+00 	2.47909E-07 	2.54868E-07 	3.08193E-07 	1.91024E-07 	0.00000E+00 	0.00000E+00 	0.00000E+00 	6.16856E-07 	4.68221E-07 	5.58779E-07 	8.07939E-07 	4.50849E-07 	
0.00000E+00 	2.88098E-07 	2.73559E-07 	0.00000E+00 	0.00000E+00 	3.09273E-07 	0.00000E+00 	0.00000E+00 	0.00000E+00 	6.17822E-07 	0.00000E+00 	2.70394E-07 	3.09105E-07 	0.00000E+00 	0.00000E+00 	
0.00000E+00 	0.00000E+00 	0.00000E+00 	2.57619E-07 	0.00000E+00 	2.78576E-07 	0.00000E+00 	0.00000E+00 	3.09829E-07 	6.19494E-07 	3.09915E-07 	0.00000E+00 	5.88182E-07 	0.00000E+00 	0.00000E+00 	
0.00000E+00 	0.00000E+00 	0.00000E+00 	0.00000E+00 	0.00000E+00 	0.00000E+00 	3.10015E-07 	5.15688E-07 	0.00000E+00 	0.00000E+00 	5.89563E-07 	0.00000E+00 	3.10103E-07 	7.52458E-07 	0.00000E+00 	
0.00000E+00 	0.00000E+00 	0.00000E+00 	1.37898E-07 	0.00000E+00 	0.00000E+00 	0.00000E+00 	0.00000E+00 	3.11198E-07 	3.10654E-07 	0.00000E+00 	6.21534E-07 	3.10824E-07 	3.11265E-07 	0.00000E+00 	
5.59079E-07 	3.13889E-07 	1.70867E-06 	7.16835E-07 	1.68351E-06 	1.40556E-06 	1.84968E-06 	8.95736E-07 	5.45134E-07 	1.16403E-06 	2.97567E-06 	3.11151E-06 	1.60947E-06 	2.23434E-06 	4.54168E-06 	
