  0.000000000000000E+000  0.000000000000000E+000
   10.0000000000000       0.000000000000000E+000
   20.0000000000000       0.000000000000000E+000
   30.0000000000000       0.000000000000000E+000
   40.0000000000000       0.000000000000000E+000
   50.0000000000000       0.000000000000000E+000
   60.0000000000000       0.000000000000000E+000
   70.0000000000000       0.000000000000000E+000
   80.0000000000000       0.000000000000000E+000
   90.0000000000000       0.000000000000000E+000
   100.000000000000       0.000000000000000E+000
   110.000000000000       0.000000000000000E+000
   120.000000000000       0.000000000000000E+000
   130.000000000000       4.909148265706103E-005
   140.000000000000       2.869702879702141E-004
   150.000000000000       6.845989931311496E-004
   160.000000000000       1.210028000250867E-003
   170.000000000000       1.839203090583380E-003
   180.000000000000       2.553711430029991E-003
   190.000000000000       3.339250427746734E-003
   200.000000000000       4.184562126524165E-003
   210.000000000000       5.080681021805648E-003
   220.000000000000       6.020387451268057E-003
   230.000000000000       6.997811018429778E-003
   240.000000000000       8.008133366610506E-003
   250.000000000000       9.047365632394751E-003
   260.000000000000       1.011217937974219E-002
   270.000000000000       1.119977576297934E-002
   280.000000000000       1.230778512226951E-002
   290.000000000000       1.343418553287203E-002
   300.000000000000       1.457724407597451E-002
   310.000000000000       1.573546222840857E-002
   320.000000000000       1.690753689137105E-002
   330.000000000000       1.809233339241224E-002
   340.000000000000       1.928885400656428E-002
   350.000000000000       2.049621579867352E-002
   360.000000000000       2.171363767915524E-002
   370.000000000000       2.294042264121211E-002
   380.000000000000       2.417594357261831E-002
   390.000000000000       2.541964029535170E-002
   400.000000000000       2.667100514117733E-002
   410.000000000000       2.792957643419399E-002
   420.000000000000       2.919493471043583E-002
   430.000000000000       3.046669632647814E-002
   440.000000000000       3.174450840840596E-002
   450.000000000000       3.302804934547678E-002
   460.000000000000       3.431702075466384E-002
   470.000000000000       3.561114311920096E-002
   480.000000000000       3.691016085726217E-002
   490.000000000000       3.821383386089076E-002
   500.000000000000       3.952194146627700E-002
   510.000000000000       4.083427143871574E-002
   520.000000000000       4.215063011411399E-002
   530.000000000000       4.347083133927659E-002
   540.000000000000       4.479470002208150E-002
   550.000000000000       4.612208084665661E-002
   560.000000000000       4.745281197540757E-002
   570.000000000000       4.878674340652223E-002
   580.000000000000       5.012374613112994E-002
   590.000000000000       5.146368356401895E-002
   600.000000000000       5.280643045118724E-002
   610.000000000000       5.415186763397537E-002
   620.000000000000       5.549987778051759E-002
   630.000000000000       5.685036026979021E-002
   640.000000000000       5.820320617671833E-002
   650.000000000000       5.955831947313996E-002
   660.000000000000       6.091560223583748E-002
   670.000000000000       6.227496559472428E-002
   680.000000000000       6.363631666007021E-002
   690.000000000000       6.499958197617763E-002
   700.000000000000       6.636467510477541E-002
   710.000000000000       6.773152274808300E-002
   720.000000000000       6.910004317749500E-002
   730.000000000000       7.047017484140568E-002
   740.000000000000       7.184184365939829E-002
   750.000000000000       7.321498480314932E-002
   760.000000000000       7.458952918951912E-002
   770.000000000000       7.596542516043325E-002
   780.000000000000       7.734261209637018E-002
   790.000000000000       7.872103068258747E-002
   800.000000000000       8.010061852615592E-002
   810.000000000000       8.148133661304365E-002
   820.000000000000       8.286312008826380E-002
   830.000000000000       8.424592461404358E-002
   840.000000000000       8.562970645272727E-002
   850.000000000000       8.701440457568067E-002
   860.000000000000       8.840000866817850E-002
   870.000000000000       8.978642951123152E-002
   880.000000000000       9.117365390702460E-002
   890.000000000000       9.256163339080835E-002
   900.000000000000       9.395033569732592E-002
   910.000000000000       9.533972053650137E-002
   920.000000000000       9.672973386062239E-002
   930.000000000000       9.812035045639843E-002
   940.000000000000       9.951154545980968E-002
   950.000000000000       0.100903290677020     
   960.000000000000       0.102295528395339     
   970.000000000000       0.103688242066687     
   980.000000000000       0.105081400420274     
   990.000000000000       0.106474965728154     
   1000.00000000000       0.107868914969321     
   1010.00000000000       0.109263247702619     
   1020.00000000000       0.110657882578447     
   1030.00000000000       0.112052825560541     
   1040.00000000000       0.113448055018050     
   1050.00000000000       0.114843525270030     
   1060.00000000000       0.116239224282894     
   1070.00000000000       0.117635133843767     
   1080.00000000000       0.119031233911641     
   1090.00000000000       0.120427485963785     
   1100.00000000000       0.121823880372468     
   1110.00000000000       0.123220374239438     
   1120.00000000000       0.124617001337560     
   1130.00000000000       0.126013684236207     
   1140.00000000000       0.128894252241317     
   1150.00000000000       0.132111278091247     
   1160.00000000000       0.134167229132815     
   1170.00000000000       0.137461788410313     
   1180.00000000000       0.140185650155049     
   1190.00000000000       0.142320322049198     
   1200.00000000000       0.145730476057947     
   1210.00000000000       0.148551331320916     
   1220.00000000000       0.152041914096619     
   1230.00000000000       0.154289622050398     
   1240.00000000000       0.157206939576562     
   1250.00000000000       0.160810967575409     
   1260.00000000000       0.163137559485954     
   1270.00000000000       0.166150642122647     
   1280.00000000000       0.168522172946274     
   1290.00000000000       0.171593259709404     
   1300.00000000000       0.175379869197626     
   1310.00000000000       0.177830118585152     
   1320.00000000000       0.180995680482391     
   1330.00000000000       0.183490800467202     
   1340.00000000000       0.186713766126475     
   1350.00000000000       0.189253825312277     
   1360.00000000000       0.192533871806891     
   1370.00000000000       0.195118761329616     
   1380.00000000000       0.198455636329789     
   1390.00000000000       0.201085375550281     
   1400.00000000000       0.204478827461165     
   1410.00000000000       0.207153248741003     
   1420.00000000000       0.210602822754284     
   1430.00000000000       0.213321904226163     
   1440.00000000000       0.216827315508762     
   1450.00000000000       0.219590876122684     
   1460.00000000000       0.223151674875980     
   1470.00000000000       0.225959551103714     
   1480.00000000000       0.229575272316834     
   1490.00000000000       0.232427247258668     
   1500.00000000000       0.234495291125632     
   1510.00000000000       0.238187141423465     
   1520.00000000000       0.241095104428579     
   1530.00000000000       0.244840932928922     
   1540.00000000000       0.247792651220124     
   1550.00000000000       0.251591790960942     
   1560.00000000000       0.253751584885667     
   1570.00000000000       0.256758859865713     
   1580.00000000000       0.260632674166379     
   1590.00000000000       0.263683202526187     
   1600.00000000000       0.265891518232187     
   1610.00000000000       0.269839383672243     
   1620.00000000000       0.272945078332486     
   1630.00000000000       0.276944326015497     
   1640.00000000000       0.279211146652807     
   1650.00000000000       0.282371596220991     
   1660.00000000000       0.286443595810972     
   1670.00000000000       0.288747235560624     
   1680.00000000000       0.291962217885712     
   1690.00000000000       0.296106062004654     
   1700.00000000000       0.298446418356027     
   1710.00000000000       0.301715647292678     
   1720.00000000000       0.305930567375468     
   1730.00000000000       0.308307987957876     
   1740.00000000000       0.311630882976197     
   1750.00000000000       0.314023165709657     
   1760.00000000000       0.318330285760275     
   1770.00000000000       0.321706667209563     
   1780.00000000000       0.324135872883622     
   1790.00000000000       0.328512256883378     
   1800.00000000000       0.330966281283699     
   1810.00000000000       0.334407924472882     
   1820.00000000000       0.338852358899189     
   1830.00000000000       0.341343597935647     
   1840.00000000000       0.344837533076802     
   1850.00000000000       0.347343804603835     
   1860.00000000000       0.351877405684452     
   1870.00000000000       0.354408363101267     
   1880.00000000000       0.357966513972715     
   1890.00000000000       0.360512509861217     
   1900.00000000000       0.365134196518196     
   1910.00000000000       0.367705029755905     
   1920.00000000000       0.371326828294208     
   1930.00000000000       0.373912802623604     
   1940.00000000000       0.378621039481698     
   1950.00000000000       0.381231827261243     
   1960.00000000000       0.384916439236474     
   1970.00000000000       0.387542409789391     
   1980.00000000000       0.392335746649035     
   1990.00000000000       0.394986499137343     
   2000.00000000000       0.398733373418717     
   2010.00000000000       0.401399141185190     
   2020.00000000000       0.406276261599267     
   2030.00000000000       0.408967053977077     
   2040.00000000000       0.411660362276582     
   2050.00000000000       0.415481099238316     
   2060.00000000000       0.418189586379051     
   2070.00000000000       0.423170870009784     
   2080.00000000000       0.425904115995025     
   2090.00000000000       0.429785320099911     
   2100.00000000000       0.432533678678168     
   2110.00000000000       0.435284533397821     
   2120.00000000000       0.440368380525881     
   2130.00000000000       0.443144126888255     
   2140.00000000000       0.447097477022401     
   2150.00000000000       0.449888323556386     
   2160.00000000000       0.452681876179253     
   2170.00000000000       0.457866048078745     
   2180.00000000000       0.460684333706986     
   2190.00000000000       0.464708570973652     
   2200.00000000000       0.467542010810639     
   2210.00000000000       0.470377867534537     
   2220.00000000000       0.475660411166004     
   2230.00000000000       0.478521218038846     
   2240.00000000000       0.481384693640285     
   2250.00000000000       0.485490941767935     
   2260.00000000000       0.488369405493449     
   2270.00000000000       0.491250526575619     
   2280.00000000000       0.496651212392239     
   2290.00000000000       0.499556986126823     
   2300.00000000000       0.502465279186994     
   2310.00000000000       0.506652623587817     
   2320.00000000000       0.509576027364818     
   2330.00000000000       0.512501873333689     
   2340.00000000000       0.518018255163209     
   2350.00000000000       0.520968843027386     
   2360.00000000000       0.523922031051759     
   2370.00000000000       0.528188974421845     
   2380.00000000000       0.531157082198719     
   2390.00000000000       0.534127507206417     
   2400.00000000000       0.539756872785190     
   2410.00000000000       0.542752285194562     
   2420.00000000000       0.545750090289143     
   2430.00000000000       0.550095075223697     
   2440.00000000000       0.553107796366594     
   2450.00000000000       0.556123130441221     
   2460.00000000000       0.561862495434536     
   2470.00000000000       0.564902364289253     
   2480.00000000000       0.567944686569022     
   2490.00000000000       0.570989642118902     
   2500.00000000000       0.575423306974474     
   2510.00000000000       0.578483090774981     
   2520.00000000000       0.581545300251049     
   2530.00000000000       0.587412908436373     
   2540.00000000000       0.590499752048531     
   2550.00000000000       0.593589136770624     
   2560.00000000000       0.596681000959118     
   2570.00000000000       0.601201453762701     
   2580.00000000000       0.604307978592562     
   2590.00000000000       0.607416818479117     
   2600.00000000000       0.610528445033667     
   2610.00000000000       0.616543150984746     
   2620.00000000000       0.619679180783907     
   2630.00000000000       0.622817729755158     
   2640.00000000000       0.625958562727944     
   2650.00000000000       0.630576239984246     
   2660.00000000000       0.633731593694006     
   2670.00000000000       0.636889571675049     
   2680.00000000000       0.640049921867122     
   2690.00000000000       0.646207827440934     
   2700.00000000000       0.649392501328636     
   2710.00000000000       0.652579742450588     
   2720.00000000000       0.655769362826503     
   2730.00000000000       0.660481677920371     
   2740.00000000000       0.663686038840998     
   2750.00000000000       0.666892589828425     
   2760.00000000000       0.670101449234817     
   2770.00000000000       0.676398090235767     
   2780.00000000000       0.679631294100210     
   2790.00000000000       0.682867220299905     
   2800.00000000000       0.686105122730512     
   2810.00000000000       0.690909500171928     
   2820.00000000000       0.694162552088320     
   2830.00000000000       0.697417104256729     
   2840.00000000000       0.700674341540588     
   2850.00000000000       0.703934080234243     
   2860.00000000000       0.710386297715228     
   2870.00000000000       0.713670251643323     
   2880.00000000000       0.716956339039646     
   2890.00000000000       0.720244729178008     
   2900.00000000000       0.723535703325327     
   2910.00000000000       0.728454081645403     
   2920.00000000000       0.731759352313568     
   2930.00000000000       0.735066840453579     
   2940.00000000000       0.738376885774677     
   2950.00000000000       0.744979175151184     
   2960.00000000000       0.748313048099635     
   2970.00000000000       0.751649591377062     
   2980.00000000000       0.754988050275190     
   2990.00000000000       0.758328982895189     
   3000.00000000000       0.763345715516783     
   3010.00000000000       0.766700943472355     
   3020.00000000000       0.770057965237151     
   3030.00000000000       0.773417855981003     
   3040.00000000000       0.776779781579171     
   3050.00000000000       0.780143894982160     
   3060.00000000000       0.786934701637260     
   3070.00000000000       0.790322268590780     
   3080.00000000000       0.793712830593924     
   3090.00000000000       0.797105482915838     
   3100.00000000000       0.800500094594178     
   3110.00000000000       0.805636543860944     
   3120.00000000000       0.809045304402183     
   3130.00000000000       0.812456517566444     
   3140.00000000000       0.815869731820748     
   3150.00000000000       0.819285694519145     
   3160.00000000000       0.822703552587269     
   3170.00000000000       0.829675341764542     
   3180.00000000000       0.833117377019339     
   3190.00000000000       0.836561121636202     
   3200.00000000000       0.840006549500638     
   3210.00000000000       0.843454651651073     
   3220.00000000000       0.846905219960715     
   3230.00000000000       0.852169029076061     
   3240.00000000000       0.855633646195307     
   3250.00000000000       0.859099899651110     
   3260.00000000000       0.862568812705067     
   3270.00000000000       0.866039938183461     
   3280.00000000000       0.869512700542521     
   3290.00000000000       0.876680159234664     
   3300.00000000000       0.880176010028281     
   3310.00000000000       0.883675567751146     
   3320.00000000000       0.887176365205046     
   3330.00000000000       0.890679688722227     
   3340.00000000000       0.894184409997931     
   3350.00000000000       0.899571395889279     
   3360.00000000000       0.903090995941625     
   3370.00000000000       0.906612112040704     
   3380.00000000000       0.910135663425668     
   3390.00000000000       0.913660669059473     
   3400.00000000000       0.917188278085254     
   3410.00000000000       0.920717805727552     
   3420.00000000000       0.928093823676522     
   3430.00000000000       0.931646165082168     
   3440.00000000000       0.935202006228126     
   3450.00000000000       0.938759715757630     
   3460.00000000000       0.942319554207437     
   3470.00000000000       0.945880276646672     
   3480.00000000000       0.951397847942422     
   3490.00000000000       0.954971932625019     
   3500.00000000000       0.958549882674391     
   3510.00000000000       0.962128844305588     
   3520.00000000000       0.965710517527222     
   3530.00000000000       0.969293091813537     
   3540.00000000000       0.972879514078272     
   3550.00000000000       0.976466115642925     
   3560.00000000000       0.984062092959764     
   3570.00000000000       0.987673648178708     
   3580.00000000000       0.991286322954145     
   3590.00000000000       0.994901291405085     
   3600.00000000000       0.998518199860476     
   3610.00000000000        1.00213674775517     
   3620.00000000000        1.00575779449891     
   3630.00000000000        1.01142273234889     
   3640.00000000000        1.01505739540472     
   3650.00000000000        1.01869386365111     
   3660.00000000000        1.02233161404488     
   3670.00000000000        1.02597190184283     
   3680.00000000000        1.02961465455529     
   3690.00000000000        1.03325909545821     
   3700.00000000000        1.03690513724651     
   3710.00000000000        1.04473355107048     
   3720.00000000000        1.04840243131874     
   3730.00000000000        1.05207375374811     
   3740.00000000000        1.05574740031098     
   3750.00000000000        1.05942180899818     
   3760.00000000000        1.06309958094085     
   3770.00000000000        1.06677849406164     
   3780.00000000000        1.07045960225272     
   3790.00000000000        1.07627866503177     
   3800.00000000000        1.07997291280138     
   3810.00000000000        1.08366952401204     
   3820.00000000000        1.08736781424888     
   3830.00000000000        1.09106739760821     
   3840.00000000000        1.09476914629945     
   3850.00000000000        1.09847442943572     
   3860.00000000000        1.10217983072892     
   3870.00000000000        1.11024847344613     
   3880.00000000000        1.11397738178496     
   3890.00000000000        1.11770825215527     
   3900.00000000000        1.12144162587582     
   3910.00000000000        1.12517601058982     
   3920.00000000000        1.12891141359236     
   3930.00000000000        1.13265009459348     
   3940.00000000000        1.13639084136204     
   3950.00000000000        1.14013319004298     
   3960.00000000000        1.14610923030448     
   3970.00000000000        1.14986443661006     
   3980.00000000000        1.15362230325126     
   3990.00000000000        1.15738130664949     
   4000.00000000000        1.16114165387385     
   4010.00000000000        1.16490458806347     
   4020.00000000000        1.16866876706520     
   4030.00000000000        1.17243456431685     
   4040.00000000000        1.17620252601921     
   4050.00000000000        1.17997245965275     
   4060.00000000000        1.18833204671658     
   4070.00000000000        1.19212532479642     
   4080.00000000000        1.19592050604619     
   4090.00000000000        1.19971687020757     
   4100.00000000000        1.20351490403831     
   4110.00000000000        1.20731448446619     
   4120.00000000000        1.21111679385197     
   4130.00000000000        1.21491949117702     
   4140.00000000000        1.21872507352786     
   4150.00000000000        1.22253172625461     
   4160.00000000000        1.22869394811659     
   4170.00000000000        1.23251347915454     
   4180.00000000000        1.23633667380514     
   4190.00000000000        1.24015982597400     
   4200.00000000000        1.24398506479869     
   4210.00000000000        1.24781248510762     
   4220.00000000000        1.25164128199911     
   4230.00000000000        1.25547176480154     
   4240.00000000000        1.25930448265132     
   4250.00000000000        1.26313835818820     
   4260.00000000000        1.27179408302832     
   4270.00000000000        1.27565128337804     
   4280.00000000000        1.27950946594589     
   4290.00000000000        1.28336988877199     
   4300.00000000000        1.28723243897251     
   4310.00000000000        1.29109578143458     
   4320.00000000000        1.29496130554412     
   4330.00000000000        1.29882834802951     
   4340.00000000000        1.30269787298875     
   4350.00000000000        1.30656685957083     
   4360.00000000000        1.31044029932986     
   4370.00000000000        1.31678804211785     
   4380.00000000000        1.32067399462466     
   4390.00000000000        1.32456040159590     
   4400.00000000000        1.32844897826567     
   4410.00000000000        1.33234018256843     
   4420.00000000000        1.33623113973596     
   4430.00000000000        1.34012528978070     
   4440.00000000000        1.34402124894479     
   4450.00000000000        1.34791689007503     
   4460.00000000000        1.35181526717820     
   4470.00000000000        1.35571612788854     
   4480.00000000000        1.36469038871739     
   4490.00000000000        1.36861305824177     
   4500.00000000000        1.37253764965316     
   4510.00000000000        1.37646574741766     
   4520.00000000000        1.38039178771456     
   4530.00000000000        1.38432152924949     
   4540.00000000000        1.38825241352817     
   4550.00000000000        1.39218561054294     
   4560.00000000000        1.39612101557190     
   4570.00000000000        1.40005453130747     
   4580.00000000000        1.40399212626454     
   4590.00000000000        1.40793226161037     
   4600.00000000000        1.41447794687597     
   4610.00000000000        1.41843131869526     
   4620.00000000000        1.42238453274605     
   4630.00000000000        1.42634131525417     
   4640.00000000000        1.43029616437806     
   4650.00000000000        1.43425392846974     
   4660.00000000000        1.43821472029699     
   4670.00000000000        1.44217706205316     
   4680.00000000000        1.44613870885062     
   4690.00000000000        1.45010321774596     
   4700.00000000000        1.45406921048880     
   4710.00000000000        1.45803740675557     
   4720.00000000000        1.46200598914605     
   4730.00000000000        1.47134387822962     
   4740.00000000000        1.47533529266324     
   4750.00000000000        1.47932728771263     
   4760.00000000000        1.48332221495597     
   4770.00000000000        1.48731902570802     
   4780.00000000000        1.49131695309814     
   4790.00000000000        1.49531726863271     
   4800.00000000000        1.49931757286872     
   4810.00000000000        1.50332011028147     
   4820.00000000000        1.50732279627149     
   4830.00000000000        1.51132919995112     
   4840.00000000000        1.51533740235828     
   4850.00000000000        1.51934587462031     
   4860.00000000000        1.52335686267080     
   4870.00000000000        1.53013382277173     
   4880.00000000000        1.53415549391279     
   4890.00000000000        1.53818123509692     
   4900.00000000000        1.54220682223337     
   4910.00000000000        1.54623229275771     
   4920.00000000000        1.55026332441820     
   4930.00000000000        1.55429182641760     
   4940.00000000000        1.55832607226242     
   4950.00000000000        1.56235934581872     
   4960.00000000000        1.56639414987263     
   4970.00000000000        1.57042932954382     
   4980.00000000000        1.57446783528863     
   4990.00000000000        1.57850782223549     
   5000.00000000000        1.58254750796400     
