  0.000000000000000E+000  0.000000000000000E+000
   10.0000000000000       0.000000000000000E+000
   20.0000000000000       0.000000000000000E+000
   30.0000000000000       0.000000000000000E+000
   40.0000000000000       0.000000000000000E+000
   50.0000000000000       0.000000000000000E+000
   60.0000000000000       0.000000000000000E+000
   70.0000000000000       0.000000000000000E+000
   80.0000000000000       0.000000000000000E+000
   90.0000000000000       0.000000000000000E+000
   100.000000000000       0.000000000000000E+000
   110.000000000000       0.000000000000000E+000
   120.000000000000       0.000000000000000E+000
   130.000000000000       0.000000000000000E+000
   140.000000000000       0.000000000000000E+000
   150.000000000000       0.000000000000000E+000
   160.000000000000       0.000000000000000E+000
   170.000000000000       0.000000000000000E+000
   180.000000000000       0.000000000000000E+000
   190.000000000000       0.000000000000000E+000
   200.000000000000       0.000000000000000E+000
   210.000000000000       0.000000000000000E+000
   220.000000000000       0.000000000000000E+000
   230.000000000000       0.000000000000000E+000
   240.000000000000       0.000000000000000E+000
   250.000000000000       0.000000000000000E+000
   260.000000000000       0.000000000000000E+000
   270.000000000000       0.000000000000000E+000
   280.000000000000       0.000000000000000E+000
   290.000000000000       0.000000000000000E+000
   300.000000000000       0.000000000000000E+000
   310.000000000000       0.000000000000000E+000
   320.000000000000       0.000000000000000E+000
   330.000000000000       0.000000000000000E+000
   340.000000000000       0.000000000000000E+000
   350.000000000000       0.000000000000000E+000
   360.000000000000       0.000000000000000E+000
   370.000000000000       0.000000000000000E+000
   380.000000000000       0.000000000000000E+000
   390.000000000000       0.000000000000000E+000
   400.000000000000       0.000000000000000E+000
   410.000000000000       0.000000000000000E+000
   420.000000000000       0.000000000000000E+000
   430.000000000000       0.000000000000000E+000
   440.000000000000       0.000000000000000E+000
   450.000000000000       0.000000000000000E+000
   460.000000000000       0.000000000000000E+000
   470.000000000000       0.000000000000000E+000
   480.000000000000       0.000000000000000E+000
   490.000000000000       0.000000000000000E+000
   500.000000000000       0.000000000000000E+000
   510.000000000000       0.000000000000000E+000
   520.000000000000       0.000000000000000E+000
   530.000000000000       0.000000000000000E+000
   540.000000000000       0.000000000000000E+000
   550.000000000000       0.000000000000000E+000
   560.000000000000       0.000000000000000E+000
   570.000000000000       0.000000000000000E+000
   580.000000000000       0.000000000000000E+000
   590.000000000000       0.000000000000000E+000
   600.000000000000       0.000000000000000E+000
   610.000000000000       0.000000000000000E+000
   620.000000000000       0.000000000000000E+000
   630.000000000000       0.000000000000000E+000
   640.000000000000       0.000000000000000E+000
   650.000000000000       0.000000000000000E+000
   660.000000000000       0.000000000000000E+000
   670.000000000000       0.000000000000000E+000
   680.000000000000       0.000000000000000E+000
   690.000000000000       0.000000000000000E+000
   700.000000000000       0.000000000000000E+000
   710.000000000000       0.000000000000000E+000
   720.000000000000       0.000000000000000E+000
   730.000000000000       0.000000000000000E+000
   740.000000000000       0.000000000000000E+000
   750.000000000000       0.000000000000000E+000
   760.000000000000       0.000000000000000E+000
   770.000000000000       0.000000000000000E+000
   780.000000000000       0.000000000000000E+000
   790.000000000000       0.000000000000000E+000
   800.000000000000       0.000000000000000E+000
   810.000000000000       0.000000000000000E+000
   820.000000000000       0.000000000000000E+000
   830.000000000000       0.000000000000000E+000
   840.000000000000       1.833301439850725E-007
   850.000000000000       7.651936302908713E-007
   860.000000000000       1.749654926717352E-006
   870.000000000000       3.140553736935142E-006
   880.000000000000       4.941397095939294E-006
   890.000000000000       7.155465773898965E-006
   900.000000000000       9.785776666582078E-006
   910.000000000000       1.283513822939936E-005
   920.000000000000       1.630608644275584E-005
   930.000000000000       2.020097478374779E-005
   940.000000000000       2.452188056325261E-005
   950.000000000000       2.927073137894536E-005
   960.000000000000       3.444920015264176E-005
   970.000000000000       4.005880069986016E-005
   980.000000000000       4.610076781197931E-005
   990.000000000000       5.257624863959121E-005
   1000.00000000000       5.948614701579109E-005
   1010.00000000000       6.683122800754360E-005
   1020.00000000000       7.461201487543341E-005
   1030.00000000000       8.282896531613639E-005
   1040.00000000000       9.148234454819710E-005
   1050.00000000000       1.005722415473075E-004
   1060.00000000000       1.100985621170522E-004
   1070.00000000000       1.200612113595905E-004
   1080.00000000000       1.304598964870726E-004
   1090.00000000000       1.412941693581623E-004
   1100.00000000000       1.525634207338604E-004
   1110.00000000000       1.642669998327103E-004
   1120.00000000000       1.764041819830014E-004
   1130.00000000000       1.889740680896582E-004
   1140.00000000000       2.019756572034677E-004
   1150.00000000000       2.154079312531921E-004
   1160.00000000000       2.292696526947000E-004
   1170.00000000000       2.435595843218358E-004
   1180.00000000000       2.582765185200335E-004
   1190.00000000000       2.734188475214592E-004
   1200.00000000000       2.889852730272876E-004
   1210.00000000000       3.049740984778576E-004
   1220.00000000000       3.213837513264529E-004
   1230.00000000000       3.382127189321314E-004
   1240.00000000000       3.554589854734842E-004
   1250.00000000000       3.731211183590955E-004
   1260.00000000000       3.911968567959110E-004
   1270.00000000000       4.096846611444526E-004
   1280.00000000000       4.285825033471531E-004
   1290.00000000000       4.478883046603840E-004
   1300.00000000000       4.676003172739295E-004
   1310.00000000000       4.877161272845632E-004
   1320.00000000000       5.082338909195100E-004
   1330.00000000000       5.291514965398089E-004
   1340.00000000000       5.504665845497979E-004
   1350.00000000000       5.721771755179548E-004
   1360.00000000000       5.942809062433808E-004
   1370.00000000000       6.167760635771758E-004
   1380.00000000000       6.396598504025387E-004
   1390.00000000000       6.629301192446179E-004
   1400.00000000000       6.865844589443300E-004
   1410.00000000000       7.106208681168516E-004
   1420.00000000000       7.350371499902484E-004
   1430.00000000000       7.598304313286931E-004
   1440.00000000000       7.849990780071371E-004
   1450.00000000000       8.105399508496642E-004
   1460.00000000000       8.364513328145885E-004
   1470.00000000000       8.627304726022453E-004
   1480.00000000000       8.893751723402423E-004
   1490.00000000000       9.163832582647474E-004
   1500.00000000000       9.437520305148714E-004
   1510.00000000000       9.714790551001930E-004
   1520.00000000000       9.995622078946326E-004
   1530.00000000000       1.027999066589050E-003
   1540.00000000000       1.056787192242298E-003
   1550.00000000000       1.085924118421416E-003
   1560.00000000000       1.115407592048669E-003
   1570.00000000000       1.145235224377512E-003
   1580.00000000000       1.175404503493650E-003
   1590.00000000000       1.205913225783723E-003
   1600.00000000000       1.236758664397891E-003
   1610.00000000000       1.267938947025958E-003
   1620.00000000000       1.299451583922181E-003
   1630.00000000000       1.331294681822553E-003
   1640.00000000000       1.363464567767823E-003
   1650.00000000000       1.395960504458260E-003
   1660.00000000000       1.428778591370592E-003
   1670.00000000000       1.461917201947105E-003
   1680.00000000000       1.495374990473677E-003
   1690.00000000000       1.529148129370589E-003
   1700.00000000000       1.563235081791755E-003
   1710.00000000000       1.597633804120317E-003
   1720.00000000000       1.632341603262313E-003
   1730.00000000000       1.667356003666276E-003
   1740.00000000000       1.702675190118614E-003
   1750.00000000000       1.738296756383547E-003
   1760.00000000000       1.774218444904189E-003
   1770.00000000000       1.810438579645426E-003
   1780.00000000000       1.846953587849265E-003
   1790.00000000000       1.883763163513324E-003
   1800.00000000000       1.920863913678175E-003
   1810.00000000000       1.958253991339352E-003
   1820.00000000000       1.995931323696516E-003
   1830.00000000000       2.033893445546982E-003
   1840.00000000000       2.072138117233331E-003
   1850.00000000000       2.110664099459948E-003
   1860.00000000000       2.149467882023633E-003
   1870.00000000000       2.188549055707863E-003
   1880.00000000000       2.227904035347987E-003
   1890.00000000000       2.267531607847346E-003
   1900.00000000000       2.307429759575972E-003
   1910.00000000000       2.347595686938925E-003
   1920.00000000000       2.388029207119062E-003
   1930.00000000000       2.428725860899680E-003
   1940.00000000000       2.469685376112505E-003
   1950.00000000000       2.510904980555754E-003
   1960.00000000000       2.552382689144584E-003
   1970.00000000000       2.594118009653406E-003
   1980.00000000000       2.636106212189836E-003
   1990.00000000000       2.678348546774648E-003
   2000.00000000000       2.720840492519470E-003
   2010.00000000000       2.763581886463166E-003
   2020.00000000000       2.806569359174440E-003
   2030.00000000000       2.849803061916077E-003
   2040.00000000000       2.893279229641163E-003
   2050.00000000000       2.936997304082398E-003
   2060.00000000000       2.980955401539497E-003
   2070.00000000000       3.025149289295659E-003
   2080.00000000000       3.069581459777206E-003
   2090.00000000000       3.114245910994726E-003
   2100.00000000000       3.159144571785571E-003
   2110.00000000000       3.204271381499514E-003
   2120.00000000000       3.249628948850663E-003
   2130.00000000000       3.295213394604233E-003
   2140.00000000000       3.341022540959518E-003
   2150.00000000000       3.387057453375487E-003
   2160.00000000000       3.433311833169042E-003
   2170.00000000000       3.479787637645213E-003
   2180.00000000000       3.526483861417218E-003
   2190.00000000000       3.573395136354381E-003
   2200.00000000000       3.620523281580081E-003
   2210.00000000000       3.667863868601357E-003
   2220.00000000000       3.715418401040962E-003
   2230.00000000000       3.763183279056779E-003
   2240.00000000000       3.811157517998862E-003
   2250.00000000000       3.859337807125102E-003
   2260.00000000000       3.907724275392789E-003
   2270.00000000000       3.956316916338905E-003
   2280.00000000000       4.005110739213024E-003
   2290.00000000000       4.054106529770036E-003
   2300.00000000000       4.103302995752543E-003
   2310.00000000000       4.152695904658424E-003
   2320.00000000000       4.202285584503794E-003
   2330.00000000000       4.252075977390719E-003
   2340.00000000000       4.302053587527667E-003
   2350.00000000000       4.352228456761953E-003
   2360.00000000000       4.402592703409126E-003
   2370.00000000000       4.453146354896420E-003
   2380.00000000000       4.503887722758390E-003
   2390.00000000000       4.554817236215339E-003
   2400.00000000000       4.605931201880559E-003
   2410.00000000000       4.657231133271876E-003
   2420.00000000000       4.708712286919794E-003
   2430.00000000000       4.760376713729680E-003
   2440.00000000000       4.812218991406466E-003
   2450.00000000000       4.864242121393710E-003
   2460.00000000000       4.916441659095022E-003
   2470.00000000000       4.968817139859417E-003
   2480.00000000000       5.021367418823054E-003
   2490.00000000000       5.074092302751601E-003
   2500.00000000000       5.126987697561361E-003
   2510.00000000000       5.180055055494831E-003
   2520.00000000000       5.233291815409488E-003
   2530.00000000000       5.286697355854662E-003
   2540.00000000000       5.340273212471727E-003
   2550.00000000000       5.394013864573170E-003
   2560.00000000000       5.447918387456267E-003
   2570.00000000000       5.501986069388706E-003
   2580.00000000000       5.556215595462978E-003
   2590.00000000000       5.610609575292027E-003
   2600.00000000000       5.665161861088965E-003
   2610.00000000000       5.719872424159534E-003
   2620.00000000000       5.774741176613324E-003
   2630.00000000000       5.829768219088180E-003
   2640.00000000000       5.884947780574980E-003
   2650.00000000000       5.940287567460261E-003
   2660.00000000000       5.995777265648337E-003
   2670.00000000000       6.051417052629824E-003
   2680.00000000000       6.107210289330832E-003
   2690.00000000000       6.163150817135764E-003
   2700.00000000000       6.219245263449617E-003
   2710.00000000000       6.275481726323800E-003
   2720.00000000000       6.331872767831884E-003
   2730.00000000000       6.388406191882467E-003
   2740.00000000000       6.445082506017022E-003
   2750.00000000000       6.501904892106995E-003
   2760.00000000000       6.558866848928673E-003
   2770.00000000000       6.615972506862369E-003
   2780.00000000000       6.673220054522364E-003
   2790.00000000000       6.730604454426169E-003
   2800.00000000000       6.788131338794773E-003
   2810.00000000000       6.845793743719582E-003
   2820.00000000000       6.903595349407577E-003
   2830.00000000000       6.961528126901377E-003
   2840.00000000000       7.019598658955674E-003
   2850.00000000000       7.077804269987270E-003
   2860.00000000000       7.136141072704888E-003
   2870.00000000000       7.194610301403306E-003
   2880.00000000000       7.253212765020593E-003
   2890.00000000000       7.311946497788159E-003
   2900.00000000000       7.370806306444609E-003
   2910.00000000000       7.429792436658756E-003
   2920.00000000000       7.488909267003359E-003
   2930.00000000000       7.548151481171787E-003
   2940.00000000000       7.607517275360489E-003
   2950.00000000000       7.667012450873166E-003
   2960.00000000000       7.726628203409753E-003
   2970.00000000000       7.786368106725909E-003
   2980.00000000000       7.846233151605746E-003
   2990.00000000000       7.906218367033986E-003
   3000.00000000000       7.966321896076945E-003
   3010.00000000000       8.026542683733819E-003
   3020.00000000000       8.086889776084171E-003
   3030.00000000000       8.147352236793590E-003
   3040.00000000000       8.207933025315969E-003
   3050.00000000000       8.268626134549080E-003
   3060.00000000000       8.329440820023607E-003
   3070.00000000000       8.390366688398009E-003
   3080.00000000000       8.451407242148257E-003
   3090.00000000000       8.512559611654565E-003
   3100.00000000000       8.573826999889235E-003
   3110.00000000000       8.635205504933003E-003
   3120.00000000000       8.696694393388771E-003
   3130.00000000000       8.758295197558967E-003
   3140.00000000000       8.820000690104702E-003
   3150.00000000000       8.881820785414066E-003
   3160.00000000000       8.943746390356879E-003
   3170.00000000000       9.005784236655134E-003
   3180.00000000000       9.067923942134739E-003
   3190.00000000000       9.130169003305303E-003
   3200.00000000000       9.192516562757371E-003
   3210.00000000000       9.254976111007262E-003
   3220.00000000000       9.317536545760981E-003
   3230.00000000000       9.380200393608665E-003
   3240.00000000000       9.442965335488674E-003
   3250.00000000000       9.505831022014908E-003
   3260.00000000000       9.568802223297227E-003
   3270.00000000000       9.631866317369325E-003
   3280.00000000000       9.695031930350911E-003
   3290.00000000000       9.758300525526507E-003
   3300.00000000000       9.821669576098042E-003
   3310.00000000000       9.885130320105366E-003
   3320.00000000000       9.948694636210838E-003
   3330.00000000000       1.001235263517570E-002
   3340.00000000000       1.007610299848421E-002
   3350.00000000000       1.013995166179012E-002
   3360.00000000000       1.020389456946106E-002
   3370.00000000000       1.026792693050845E-002
   3380.00000000000       1.033206632927605E-002
   3390.00000000000       1.039628457587882E-002
   3400.00000000000       1.046059304731980E-002
   3410.00000000000       1.052500563544998E-002
   3420.00000000000       1.058950618211491E-002
   3430.00000000000       1.065409022716829E-002
   3440.00000000000       1.071876810265078E-002
   3450.00000000000       1.078354030140066E-002
   3460.00000000000       1.084839533958379E-002
   3470.00000000000       1.091334044286255E-002
   3480.00000000000       1.097836831993200E-002
   3490.00000000000       1.104348249077972E-002
   3500.00000000000       1.110868723764014E-002
   3510.00000000000       1.117397729819754E-002
   3520.00000000000       1.123935209166489E-002
   3530.00000000000       1.130479862105836E-002
   3540.00000000000       1.137035154396111E-002
   3550.00000000000       1.143598039146165E-002
   3560.00000000000       1.150169366075786E-002
   3570.00000000000       1.156747610824056E-002
   3580.00000000000       1.163335488066827E-002
   3590.00000000000       1.169930356933374E-002
   3600.00000000000       1.176533993627024E-002
   3610.00000000000       1.183146745524104E-002
   3620.00000000000       1.189765394341483E-002
   3630.00000000000       1.196393225071090E-002
   3640.00000000000       1.203029235673138E-002
   3650.00000000000       1.209671745490828E-002
   3660.00000000000       1.216323465497685E-002
   3670.00000000000       1.222981773877524E-002
   3680.00000000000       1.229648809357530E-002
   3690.00000000000       1.236323380785118E-002
   3700.00000000000       1.243004868550913E-002
   3710.00000000000       1.249694233585221E-002
   3720.00000000000       1.256389708531877E-002
   3730.00000000000       1.263094742423127E-002
   3740.00000000000       1.269806566443788E-002
   3750.00000000000       1.276524668382240E-002
   3760.00000000000       1.283251405398611E-002
   3770.00000000000       1.289984453287505E-002
   3780.00000000000       1.296724247812518E-002
   3790.00000000000       1.303473502366789E-002
   3800.00000000000       1.310228254528718E-002
   3810.00000000000       1.316989917728674E-002
   3820.00000000000       1.323759933394415E-002
   3830.00000000000       1.330535920205255E-002
   3840.00000000000       1.337318310916633E-002
   3850.00000000000       1.344108717171791E-002
   3860.00000000000       1.350905341295788E-002
   3870.00000000000       1.357710507227476E-002
   3880.00000000000       1.364519073683182E-002
   3890.00000000000       1.371336633590163E-002
   3900.00000000000       1.378161129615089E-002
   3910.00000000000       1.384991110564913E-002
   3920.00000000000       1.391828624604962E-002
   3930.00000000000       1.398671835150261E-002
   3940.00000000000       1.405523082144552E-002
   3950.00000000000       1.412378803082678E-002
   3960.00000000000       1.419243178515314E-002
   3970.00000000000       1.426111842357913E-002
   3980.00000000000       1.432987726863040E-002
   3990.00000000000       1.439870505811237E-002
   4000.00000000000       1.446759176812835E-002
   4010.00000000000       1.453654024155156E-002
   4020.00000000000       1.460554162819572E-002
   4030.00000000000       1.467461755478183E-002
   4040.00000000000       1.474375123013319E-002
   4050.00000000000       1.481293242721648E-002
   4060.00000000000       1.488220780941168E-002
   4070.00000000000       1.495151683553005E-002
   4080.00000000000       1.502089555591316E-002
   4090.00000000000       1.509032532002456E-002
   4100.00000000000       1.515982922595352E-002
   4110.00000000000       1.522938476841239E-002
   4120.00000000000       1.529898542987108E-002
   4130.00000000000       1.536865036217746E-002
   4140.00000000000       1.543837857841946E-002
   4150.00000000000       1.550817646373891E-002
   4160.00000000000       1.557800723396911E-002
   4170.00000000000       1.564790784896356E-002
   4180.00000000000       1.571784924930945E-002
   4190.00000000000       1.578788943357597E-002
   4200.00000000000       1.585794024061444E-002
   4210.00000000000       1.592805611109917E-002
   4220.00000000000       1.599823272076965E-002
   4230.00000000000       1.606847617077331E-002
   4240.00000000000       1.613876356143876E-002
   4250.00000000000       1.620909653408744E-002
   4260.00000000000       1.627949071131632E-002
   4270.00000000000       1.634992982061641E-002
   4280.00000000000       1.642043949870311E-002
   4290.00000000000       1.649100605012630E-002
   4300.00000000000       1.656161252133109E-002
   4310.00000000000       1.663225437061171E-002
   4320.00000000000       1.670297107903227E-002
   4330.00000000000       1.677374022108945E-002
   4340.00000000000       1.684453993371013E-002
   4350.00000000000       1.691541612676080E-002
   4360.00000000000       1.698633156869224E-002
   4370.00000000000       1.705729234194748E-002
   4380.00000000000       1.712831550194504E-002
   4390.00000000000       1.719936754408476E-002
   4400.00000000000       1.727048594002459E-002
   4410.00000000000       1.734165004627127E-002
   4420.00000000000       1.741285915276283E-002
   4430.00000000000       1.748411524136525E-002
   4440.00000000000       1.755542653275906E-002
   4450.00000000000       1.762678416431680E-002
   4460.00000000000       1.769820441369037E-002
   4470.00000000000       1.776964882464387E-002
   4480.00000000000       1.784115453631912E-002
   4490.00000000000       1.791269469519363E-002
   4500.00000000000       1.798428178779167E-002
   4510.00000000000       1.805594317416785E-002
   4520.00000000000       1.812760673326209E-002
   4530.00000000000       1.819933693421142E-002
   4540.00000000000       1.827112828017349E-002
   4550.00000000000       1.834293527411356E-002
   4560.00000000000       1.841479099664331E-002
   4570.00000000000       1.848673457358401E-002
   4580.00000000000       1.855865179100586E-002
   4590.00000000000       1.863067924061878E-002
   4600.00000000000       1.870273034541917E-002
   4610.00000000000       1.877481064726293E-002
   4620.00000000000       1.884695404438868E-002
   4630.00000000000       1.891910900177802E-002
   4640.00000000000       1.899134025608979E-002
   4650.00000000000       1.906358550124091E-002
   4660.00000000000       1.913590516027565E-002
   4670.00000000000       1.920824929719982E-002
   4680.00000000000       1.928061989224809E-002
   4690.00000000000       1.935304796269554E-002
   4700.00000000000       1.942554356421985E-002
   4710.00000000000       1.949803895025794E-002
   4720.00000000000       1.957060219916112E-002
   4730.00000000000       1.964319235491315E-002
   4740.00000000000       1.971580998622912E-002
   4750.00000000000       1.978849641303120E-002
   4760.00000000000       1.986120463632906E-002
   4770.00000000000       1.993397263723468E-002
   4780.00000000000       2.000675568529217E-002
   4790.00000000000       2.007958576864719E-002
   4800.00000000000       2.015246711656023E-002
   4810.00000000000       2.022536589023443E-002
   4820.00000000000       2.029832515182571E-002
   4830.00000000000       2.037131253819353E-002
   4840.00000000000       2.044433990895734E-002
   4850.00000000000       2.051742443899876E-002
   4860.00000000000       2.059051976697856E-002
   4870.00000000000       2.066365987448293E-002
   4880.00000000000       2.073682999455112E-002
   4890.00000000000       2.081006518866047E-002
   4900.00000000000       2.088332067609316E-002
   4910.00000000000       2.095658445059349E-002
   4920.00000000000       2.102992437672027E-002
   4930.00000000000       2.110328813327190E-002
   4940.00000000000       2.117669650902199E-002
   4950.00000000000       2.125012493086753E-002
   4960.00000000000       2.132359783771477E-002
   4970.00000000000       2.139710559176702E-002
   4980.00000000000       2.147061716879074E-002
   4990.00000000000       2.154419725816857E-002
   5000.00000000000       2.161782096925880E-002
   5010.00000000000       2.169147499573077E-002
   5020.00000000000       2.176516469341415E-002
   5030.00000000000       2.183886847850359E-002
   5040.00000000000       2.191263226527787E-002
   5050.00000000000       2.198641159545123E-002
   5060.00000000000       2.206024530092619E-002
   5070.00000000000       2.213406605676864E-002
   5080.00000000000       2.220795887952101E-002
   5090.00000000000       2.228188135141035E-002
   5100.00000000000       2.242172238010492E-002
   5110.00000000000       2.249603442737817E-002
   5120.00000000000       2.283476697411293E-002
   5130.00000000000       2.291037189640428E-002
   5140.00000000000       2.298600121167045E-002
   5150.00000000000       2.319489346352921E-002
   5160.00000000000       2.327120913041076E-002
   5170.00000000000       2.334751983215872E-002
   5180.00000000000       2.369236729794107E-002
   5190.00000000000       2.377000547600807E-002
   5200.00000000000       2.384765145060214E-002
   5210.00000000000       2.406063974295418E-002
   5220.00000000000       2.413899372149406E-002
   5230.00000000000       2.448855042159467E-002
   5240.00000000000       2.456821336797042E-002
   5250.00000000000       2.464792111160423E-002
   5260.00000000000       2.486421971149422E-002
   5270.00000000000       2.494461425515397E-002
   5280.00000000000       2.502502170164997E-002
   5290.00000000000       2.538050679756659E-002
   5300.00000000000       2.546227079684811E-002
   5310.00000000000       2.554405100003754E-002
   5320.00000000000       2.576433121203843E-002
   5330.00000000000       2.584681347679529E-002
   5340.00000000000       2.592931014953720E-002
   5350.00000000000       2.629064885178512E-002
   5360.00000000000       2.637447753938848E-002
   5370.00000000000       2.645835482968602E-002
   5380.00000000000       2.668255253501759E-002
   5390.00000000000       2.676712529656044E-002
   5400.00000000000       2.685175659507119E-002
   5410.00000000000       2.721880915315573E-002
   5420.00000000000       2.730474534848584E-002
   5430.00000000000       2.739074773016432E-002
   5440.00000000000       2.761884971182632E-002
   5450.00000000000       2.770549610990136E-002
   5460.00000000000       2.779222104783402E-002
   5470.00000000000       2.816494840140960E-002
   5480.00000000000       2.825297896843845E-002
   5490.00000000000       2.834109410537516E-002
   5500.00000000000       2.857305816081808E-002
   5510.00000000000       2.866181989304293E-002
   5520.00000000000       2.875066815303216E-002
   5530.00000000000       2.883952068841475E-002
   5540.00000000000       2.921907720342522E-002
   5550.00000000000       2.930931439641625E-002
   5560.00000000000       2.939953201628400E-002
   5570.00000000000       2.963598785737076E-002
   5580.00000000000       2.972695270218577E-002
   5590.00000000000       2.981790845812582E-002
   5600.00000000000       3.020302184010171E-002
   5610.00000000000       3.029529529862104E-002
   5620.00000000000       3.038765934118202E-002
   5630.00000000000       3.048008553027804E-002
   5640.00000000000       3.072102622992337E-002
   5650.00000000000       3.081412488103362E-002
   5660.00000000000       3.090729331861551E-002
   5670.00000000000       3.129904398239575E-002
   5680.00000000000       3.139347367903083E-002
   5690.00000000000       3.148798933105660E-002
   5700.00000000000       3.173266487884299E-002
   5710.00000000000       3.182795261852418E-002
   5720.00000000000       3.192322439582723E-002
   5730.00000000000       3.201856276541171E-002
   5740.00000000000       3.241687645536414E-002
   5750.00000000000       3.251351245493579E-002
   5760.00000000000       3.261023713028253E-002
   5770.00000000000       3.270700855022215E-002
   5780.00000000000       3.295663996221204E-002
   5790.00000000000       3.305420658656131E-002
   5800.00000000000       3.315175353353950E-002
   5810.00000000000       3.355638957448352E-002
   5820.00000000000       3.365524937780318E-002
   5830.00000000000       3.375424598931336E-002
   5840.00000000000       3.385322090675962E-002
   5850.00000000000       3.410710814242386E-002
   5860.00000000000       3.420690295930260E-002
   5870.00000000000       3.430657899301417E-002
   5880.00000000000       3.440641998409827E-002
   5890.00000000000       3.481872311382980E-002
   5900.00000000000       3.491979732328880E-002
   5910.00000000000       3.502093452627656E-002
   5920.00000000000       3.527916218243422E-002
   5930.00000000000       3.538109875823475E-002
   5940.00000000000       3.548305744357728E-002
   5950.00000000000       3.558506748699974E-002
   5960.00000000000       3.600349629862718E-002
   5970.00000000000       3.610691118022494E-002
   5980.00000000000       3.621029047249121E-002
   5990.00000000000       3.631375456692799E-002
   6000.00000000000       3.657668471541920E-002
