  0.000000000000000E+000  0.000000000000000E+000
   10.0000000000000       0.000000000000000E+000
   20.0000000000000       0.000000000000000E+000
   30.0000000000000       0.000000000000000E+000
   40.0000000000000       0.000000000000000E+000
   50.0000000000000       0.000000000000000E+000
   60.0000000000000       0.000000000000000E+000
   70.0000000000000       0.000000000000000E+000
   80.0000000000000       0.000000000000000E+000
   90.0000000000000       0.000000000000000E+000
   100.000000000000       0.000000000000000E+000
   110.000000000000       0.000000000000000E+000
   120.000000000000       0.000000000000000E+000
   130.000000000000       0.000000000000000E+000
   140.000000000000       0.000000000000000E+000
   150.000000000000       0.000000000000000E+000
   160.000000000000       0.000000000000000E+000
   170.000000000000       0.000000000000000E+000
   180.000000000000       0.000000000000000E+000
   190.000000000000       0.000000000000000E+000
   200.000000000000       0.000000000000000E+000
   210.000000000000       0.000000000000000E+000
   220.000000000000       0.000000000000000E+000
   230.000000000000       0.000000000000000E+000
   240.000000000000       0.000000000000000E+000
   250.000000000000       0.000000000000000E+000
   260.000000000000       0.000000000000000E+000
   270.000000000000       0.000000000000000E+000
   280.000000000000       0.000000000000000E+000
   290.000000000000       0.000000000000000E+000
   300.000000000000       0.000000000000000E+000
   310.000000000000       0.000000000000000E+000
   320.000000000000       0.000000000000000E+000
   330.000000000000       0.000000000000000E+000
   340.000000000000       0.000000000000000E+000
   350.000000000000       0.000000000000000E+000
   360.000000000000       0.000000000000000E+000
   370.000000000000       0.000000000000000E+000
   380.000000000000       0.000000000000000E+000
   390.000000000000       0.000000000000000E+000
   400.000000000000       0.000000000000000E+000
   410.000000000000       0.000000000000000E+000
   420.000000000000       0.000000000000000E+000
   430.000000000000       0.000000000000000E+000
   440.000000000000       0.000000000000000E+000
   450.000000000000       0.000000000000000E+000
   460.000000000000       0.000000000000000E+000
   470.000000000000       0.000000000000000E+000
   480.000000000000       0.000000000000000E+000
   490.000000000000       0.000000000000000E+000
   500.000000000000       0.000000000000000E+000
   510.000000000000       0.000000000000000E+000
   520.000000000000       0.000000000000000E+000
   530.000000000000       0.000000000000000E+000
   540.000000000000       0.000000000000000E+000
   550.000000000000       0.000000000000000E+000
   560.000000000000       0.000000000000000E+000
   570.000000000000       0.000000000000000E+000
   580.000000000000       0.000000000000000E+000
   590.000000000000       0.000000000000000E+000
   600.000000000000       0.000000000000000E+000
   610.000000000000       0.000000000000000E+000
   620.000000000000       0.000000000000000E+000
   630.000000000000       0.000000000000000E+000
   640.000000000000       0.000000000000000E+000
   650.000000000000       0.000000000000000E+000
   660.000000000000       0.000000000000000E+000
   670.000000000000       0.000000000000000E+000
   680.000000000000       0.000000000000000E+000
   690.000000000000       0.000000000000000E+000
   700.000000000000       0.000000000000000E+000
   710.000000000000       0.000000000000000E+000
   720.000000000000       0.000000000000000E+000
   730.000000000000       0.000000000000000E+000
   740.000000000000       0.000000000000000E+000
   750.000000000000       0.000000000000000E+000
   760.000000000000       0.000000000000000E+000
   770.000000000000       0.000000000000000E+000
   780.000000000000       0.000000000000000E+000
   790.000000000000       0.000000000000000E+000
   800.000000000000       0.000000000000000E+000
   810.000000000000       0.000000000000000E+000
   820.000000000000       0.000000000000000E+000
   830.000000000000       0.000000000000000E+000
   840.000000000000       1.833301439850725E-007
   850.000000000000       7.651936302908713E-007
   860.000000000000       1.749654926717352E-006
   870.000000000000       3.140553736935142E-006
   880.000000000000       4.941397095939294E-006
   890.000000000000       7.155465773898965E-006
   900.000000000000       9.785776666582078E-006
   910.000000000000       1.283513822939936E-005
   920.000000000000       1.630608644275584E-005
   930.000000000000       2.020097478374779E-005
   940.000000000000       2.452188056325261E-005
   950.000000000000       2.927073137894536E-005
   960.000000000000       3.444920015264176E-005
   970.000000000000       4.005880069986016E-005
   980.000000000000       4.610076781197931E-005
   990.000000000000       5.257624863959121E-005
   1000.00000000000       5.948614701579109E-005
   1010.00000000000       6.683122800754360E-005
   1020.00000000000       7.461201487543341E-005
   1030.00000000000       8.282896531613639E-005
   1040.00000000000       9.148234454819710E-005
   1050.00000000000       1.005722415473075E-004
   1060.00000000000       1.100985621170522E-004
   1070.00000000000       1.200612113595905E-004
   1080.00000000000       1.304598964870726E-004
   1090.00000000000       1.412941693581623E-004
   1100.00000000000       1.525634207338604E-004
   1110.00000000000       1.642669998327103E-004
   1120.00000000000       1.764041819830014E-004
   1130.00000000000       1.889740680896582E-004
   1140.00000000000       2.019756572034677E-004
   1150.00000000000       2.154079312531921E-004
   1160.00000000000       2.292696526947000E-004
   1170.00000000000       2.435595843218358E-004
   1180.00000000000       2.582765185200335E-004
   1190.00000000000       2.734188475214592E-004
   1200.00000000000       2.889852730272876E-004
   1210.00000000000       3.049740984778576E-004
   1220.00000000000       3.213837513264529E-004
   1230.00000000000       3.382127189321314E-004
   1240.00000000000       3.554589854734842E-004
   1250.00000000000       3.731211183590955E-004
   1260.00000000000       3.911968567959110E-004
   1270.00000000000       4.096846611444526E-004
   1280.00000000000       4.285825033471531E-004
   1290.00000000000       4.478883046603840E-004
   1300.00000000000       4.676003172739295E-004
   1310.00000000000       4.877161272845632E-004
   1320.00000000000       5.082338909195100E-004
   1330.00000000000       5.291514965398089E-004
   1340.00000000000       5.504665845497979E-004
   1350.00000000000       5.721771755179548E-004
   1360.00000000000       5.942809062433808E-004
   1370.00000000000       6.167760635771758E-004
   1380.00000000000       6.396598504025387E-004
   1390.00000000000       6.629301192446179E-004
   1400.00000000000       6.865844589443300E-004
   1410.00000000000       7.106208681168516E-004
   1420.00000000000       7.350371499902484E-004
   1430.00000000000       7.598304313286931E-004
   1440.00000000000       7.849990780071371E-004
   1450.00000000000       8.105399508496642E-004
   1460.00000000000       8.364513328145885E-004
   1470.00000000000       8.627304726022453E-004
   1480.00000000000       8.893751723402423E-004
   1490.00000000000       9.163832582647474E-004
   1500.00000000000       9.437520305148714E-004
   1510.00000000000       9.714790551001930E-004
   1520.00000000000       9.995622078946326E-004
   1530.00000000000       1.027999066589050E-003
   1540.00000000000       1.056787192242298E-003
   1550.00000000000       1.085924118421416E-003
   1560.00000000000       1.115407592048669E-003
   1570.00000000000       1.145235224377512E-003
   1580.00000000000       1.175404503493650E-003
   1590.00000000000       1.205913225783723E-003
   1600.00000000000       1.236758664397891E-003
   1610.00000000000       1.267938947025958E-003
   1620.00000000000       1.299451583922181E-003
   1630.00000000000       1.331294681822553E-003
   1640.00000000000       1.363464567767823E-003
   1650.00000000000       1.395960504458260E-003
   1660.00000000000       1.428778591370592E-003
   1670.00000000000       1.461917201947105E-003
   1680.00000000000       1.495374990473677E-003
   1690.00000000000       1.529148129370589E-003
   1700.00000000000       1.563235081791755E-003
   1710.00000000000       1.597633804120317E-003
   1720.00000000000       1.632341603262313E-003
   1730.00000000000       1.667356003666276E-003
   1740.00000000000       1.702675190118614E-003
   1750.00000000000       1.738296756383547E-003
   1760.00000000000       1.774218444904189E-003
   1770.00000000000       1.810438579645426E-003
   1780.00000000000       1.846953587849265E-003
   1790.00000000000       1.883763163513324E-003
   1800.00000000000       1.920863913678175E-003
   1810.00000000000       1.958253991339352E-003
   1820.00000000000       1.995931323696516E-003
   1830.00000000000       2.033893445546982E-003
   1840.00000000000       2.072138117233331E-003
   1850.00000000000       2.110664099459948E-003
   1860.00000000000       2.149467882023633E-003
   1870.00000000000       2.188549055707863E-003
   1880.00000000000       2.227904035347987E-003
   1890.00000000000       2.267531607847346E-003
   1900.00000000000       2.307429759575972E-003
   1910.00000000000       2.347595686938925E-003
   1920.00000000000       2.388029207119062E-003
   1930.00000000000       2.428725860899680E-003
   1940.00000000000       2.469685376112505E-003
   1950.00000000000       2.510904980555754E-003
   1960.00000000000       2.552382689144584E-003
   1970.00000000000       2.594118009653406E-003
   1980.00000000000       2.636106212189836E-003
   1990.00000000000       2.678348546774648E-003
   2000.00000000000       2.720840492519470E-003
