  0.000000000000000E+000  0.000000000000000E+000
   10.0000000000000       0.000000000000000E+000
   20.0000000000000       0.000000000000000E+000
   30.0000000000000       0.000000000000000E+000
   40.0000000000000       0.000000000000000E+000
   50.0000000000000       0.000000000000000E+000
   60.0000000000000       0.000000000000000E+000
   70.0000000000000       0.000000000000000E+000
   80.0000000000000       0.000000000000000E+000
   90.0000000000000       0.000000000000000E+000
   100.000000000000       0.000000000000000E+000
   110.000000000000       0.000000000000000E+000
   120.000000000000       0.000000000000000E+000
   130.000000000000       4.909148265706103E-005
   140.000000000000       2.869702879702141E-004
   150.000000000000       6.845989931311496E-004
   160.000000000000       1.210028000250867E-003
   170.000000000000       1.839203090583380E-003
   180.000000000000       2.553711430029991E-003
   190.000000000000       3.339250427746734E-003
   200.000000000000       4.184562126524165E-003
   210.000000000000       5.080681021805648E-003
   220.000000000000       6.020387451268057E-003
   230.000000000000       6.997811018429778E-003
   240.000000000000       8.008133366610506E-003
   250.000000000000       9.047365632394751E-003
   260.000000000000       1.011217937974219E-002
   270.000000000000       1.119977576297934E-002
   280.000000000000       1.230778512226951E-002
   290.000000000000       1.343418553287203E-002
   300.000000000000       1.457724407597451E-002
   310.000000000000       1.573546222840857E-002
   320.000000000000       1.690753689137105E-002
   330.000000000000       1.809233339241224E-002
   340.000000000000       1.928885400656428E-002
   350.000000000000       2.049621579867352E-002
   360.000000000000       2.171363767915524E-002
   370.000000000000       2.294042264121211E-002
   380.000000000000       2.417594357261831E-002
   390.000000000000       2.541964029535170E-002
   400.000000000000       2.667100514117733E-002
   410.000000000000       2.792957643419399E-002
   420.000000000000       2.919493471043583E-002
   430.000000000000       3.046669632647814E-002
   440.000000000000       3.174450840840596E-002
   450.000000000000       3.302804934547678E-002
   460.000000000000       3.431702075466384E-002
   470.000000000000       3.561114311920096E-002
   480.000000000000       3.691016085726217E-002
   490.000000000000       3.821383386089076E-002
   500.000000000000       3.952194146627700E-002
   510.000000000000       4.083427143871574E-002
   520.000000000000       4.215063011411399E-002
   530.000000000000       4.347083133927659E-002
   540.000000000000       4.479470002208150E-002
   550.000000000000       4.612208084665661E-002
   560.000000000000       4.745281197540757E-002
   570.000000000000       4.878674340652223E-002
   580.000000000000       5.012374613112994E-002
   590.000000000000       5.146368356401895E-002
   600.000000000000       5.280643045118724E-002
   610.000000000000       5.415186763397537E-002
   620.000000000000       5.549987778051759E-002
   630.000000000000       5.685036026979021E-002
   640.000000000000       5.820320617671833E-002
   650.000000000000       5.955831947313996E-002
   660.000000000000       6.091560223583748E-002
   670.000000000000       6.227496559472428E-002
   680.000000000000       6.363631666007021E-002
   690.000000000000       6.499958197617763E-002
   700.000000000000       6.636467510477541E-002
   710.000000000000       6.773152274808300E-002
   720.000000000000       6.910004317749500E-002
   730.000000000000       7.047017484140568E-002
   740.000000000000       7.184184365939829E-002
   750.000000000000       7.321498480314932E-002
   760.000000000000       7.458952918951912E-002
   770.000000000000       7.596542516043325E-002
   780.000000000000       7.734261209637018E-002
   790.000000000000       7.872103068258747E-002
   800.000000000000       8.010061852615592E-002
   810.000000000000       8.148133661304365E-002
   820.000000000000       8.286312008826380E-002
   830.000000000000       8.424592461404358E-002
   840.000000000000       8.562970645272727E-002
   850.000000000000       8.701440457568067E-002
   860.000000000000       8.840000866817850E-002
   870.000000000000       8.978642951123152E-002
   880.000000000000       9.117365390702460E-002
   890.000000000000       9.256163339080835E-002
   900.000000000000       9.395033569732592E-002
   910.000000000000       9.533972053650137E-002
   920.000000000000       9.672973386062239E-002
   930.000000000000       9.812035045639843E-002
   940.000000000000       9.951154545980968E-002
   950.000000000000       0.100903290677020     
   960.000000000000       0.102295528395339     
   970.000000000000       0.103688242066687     
   980.000000000000       0.105081400420274     
   990.000000000000       0.106474965728154     
   1000.00000000000       0.107868914969321     
   1010.00000000000       0.109263247702619     
   1020.00000000000       0.110657882578447     
   1030.00000000000       0.112052825560541     
   1040.00000000000       0.113448055018050     
   1050.00000000000       0.114843525270030     
   1060.00000000000       0.116239224282894     
   1070.00000000000       0.117635133843767     
   1080.00000000000       0.119031233911641     
   1090.00000000000       0.120427485963785     
   1100.00000000000       0.121823880372468     
   1110.00000000000       0.123220374239438     
   1120.00000000000       0.124617001337560     
   1130.00000000000       0.126013684236207     
   1140.00000000000       0.128894252241317     
   1150.00000000000       0.132111278091247     
   1160.00000000000       0.134167229132815     
   1170.00000000000       0.137461788410313     
   1180.00000000000       0.140185650155049     
   1190.00000000000       0.142320322049198     
   1200.00000000000       0.145730476057947     
   1210.00000000000       0.148551331320916     
   1220.00000000000       0.152041914096619     
   1230.00000000000       0.154289622050398     
   1240.00000000000       0.157206939576562     
   1250.00000000000       0.160810967575409     
