  0.000000000000000E+000  0.000000000000000E+000
   10.0000000000000       0.000000000000000E+000
   20.0000000000000       0.000000000000000E+000
   30.0000000000000       0.000000000000000E+000
   40.0000000000000       0.000000000000000E+000
   50.0000000000000       0.000000000000000E+000
   60.0000000000000       0.000000000000000E+000
   70.0000000000000       0.000000000000000E+000
   80.0000000000000       0.000000000000000E+000
   90.0000000000000       0.000000000000000E+000
   100.000000000000       0.000000000000000E+000
   110.000000000000       0.000000000000000E+000
   120.000000000000       0.000000000000000E+000
   130.000000000000       0.000000000000000E+000
   140.000000000000       0.000000000000000E+000
   150.000000000000       0.000000000000000E+000
   160.000000000000       0.000000000000000E+000
   170.000000000000       0.000000000000000E+000
   180.000000000000       0.000000000000000E+000
   190.000000000000       0.000000000000000E+000
   200.000000000000       0.000000000000000E+000
   210.000000000000       0.000000000000000E+000
   220.000000000000       0.000000000000000E+000
   230.000000000000       0.000000000000000E+000
   240.000000000000       0.000000000000000E+000
   250.000000000000       0.000000000000000E+000
   260.000000000000       0.000000000000000E+000
   270.000000000000       0.000000000000000E+000
   280.000000000000       0.000000000000000E+000
   290.000000000000       0.000000000000000E+000
   300.000000000000       0.000000000000000E+000
   310.000000000000       0.000000000000000E+000
   320.000000000000       0.000000000000000E+000
   330.000000000000       0.000000000000000E+000
   340.000000000000       0.000000000000000E+000
   350.000000000000       0.000000000000000E+000
   360.000000000000       0.000000000000000E+000
   370.000000000000       0.000000000000000E+000
   380.000000000000       0.000000000000000E+000
   390.000000000000       0.000000000000000E+000
   400.000000000000       0.000000000000000E+000
   410.000000000000       0.000000000000000E+000
   420.000000000000       0.000000000000000E+000
   430.000000000000       0.000000000000000E+000
   440.000000000000       0.000000000000000E+000
   450.000000000000       0.000000000000000E+000
   460.000000000000       0.000000000000000E+000
   470.000000000000       0.000000000000000E+000
   480.000000000000       0.000000000000000E+000
   490.000000000000       0.000000000000000E+000
   500.000000000000       0.000000000000000E+000
   510.000000000000       0.000000000000000E+000
   520.000000000000       0.000000000000000E+000
   530.000000000000       0.000000000000000E+000
   540.000000000000       0.000000000000000E+000
   550.000000000000       0.000000000000000E+000
   560.000000000000       0.000000000000000E+000
   570.000000000000       0.000000000000000E+000
   580.000000000000       0.000000000000000E+000
   590.000000000000       0.000000000000000E+000
   600.000000000000       0.000000000000000E+000
   610.000000000000       0.000000000000000E+000
   620.000000000000       0.000000000000000E+000
   630.000000000000       0.000000000000000E+000
   640.000000000000       0.000000000000000E+000
   650.000000000000       0.000000000000000E+000
   660.000000000000       0.000000000000000E+000
   670.000000000000       0.000000000000000E+000
   680.000000000000       0.000000000000000E+000
   690.000000000000       0.000000000000000E+000
   700.000000000000       0.000000000000000E+000
   710.000000000000       0.000000000000000E+000
   720.000000000000       0.000000000000000E+000
   730.000000000000       0.000000000000000E+000
   740.000000000000       0.000000000000000E+000
   750.000000000000       0.000000000000000E+000
   760.000000000000       0.000000000000000E+000
   770.000000000000       0.000000000000000E+000
   780.000000000000       0.000000000000000E+000
   790.000000000000       0.000000000000000E+000
   800.000000000000       0.000000000000000E+000
   810.000000000000       0.000000000000000E+000
   820.000000000000       0.000000000000000E+000
   830.000000000000       0.000000000000000E+000
   840.000000000000       1.833301439850725E-007
   850.000000000000       7.651936302908713E-007
   860.000000000000       1.749654926717352E-006
   870.000000000000       3.140553736935142E-006
   880.000000000000       4.941397095939294E-006
   890.000000000000       7.155465773898965E-006
   900.000000000000       9.785776666582078E-006
   910.000000000000       1.283513822939936E-005
   920.000000000000       1.630608644275584E-005
   930.000000000000       2.020097478374779E-005
   940.000000000000       2.452188056325261E-005
   950.000000000000       2.927073137894536E-005
   960.000000000000       3.444920015264176E-005
   970.000000000000       4.005880069986016E-005
   980.000000000000       4.610076781197931E-005
   990.000000000000       5.257624863959121E-005
   1000.00000000000       5.948614701579109E-005
   1010.00000000000       6.683122800754360E-005
   1020.00000000000       7.461201487543341E-005
   1030.00000000000       8.282896531613639E-005
   1040.00000000000       9.148234454819710E-005
   1050.00000000000       1.005722415473075E-004
   1060.00000000000       1.100985621170522E-004
   1070.00000000000       1.200612113595905E-004
   1080.00000000000       1.304598964870726E-004
   1090.00000000000       1.412941693581623E-004
   1100.00000000000       1.525634207338604E-004
   1110.00000000000       1.642669998327103E-004
   1120.00000000000       1.764041819830014E-004
   1130.00000000000       1.889740680896582E-004
   1140.00000000000       2.019756572034677E-004
   1150.00000000000       2.154079312531921E-004
   1160.00000000000       2.292696526947000E-004
   1170.00000000000       2.435595843218358E-004
   1180.00000000000       2.582765185200335E-004
   1190.00000000000       2.734188475214592E-004
   1200.00000000000       2.889852730272876E-004
   1210.00000000000       3.049740984778576E-004
   1220.00000000000       3.213837513264529E-004
   1230.00000000000       3.382127189321314E-004
   1240.00000000000       3.554589854734842E-004
   1250.00000000000       3.731211183590955E-004
