  0.000000000000000E+000  0.000000000000000E+000
   10.0000000000000       0.000000000000000E+000
   20.0000000000000       0.000000000000000E+000
   30.0000000000000       0.000000000000000E+000
   40.0000000000000       0.000000000000000E+000
   50.0000000000000       0.000000000000000E+000
   60.0000000000000       0.000000000000000E+000
   70.0000000000000       0.000000000000000E+000
   80.0000000000000       0.000000000000000E+000
   90.0000000000000       0.000000000000000E+000
   100.000000000000       0.000000000000000E+000
   110.000000000000       0.000000000000000E+000
   120.000000000000       0.000000000000000E+000
   130.000000000000       4.909148265706103E-005
   140.000000000000       2.869702879702141E-004
   150.000000000000       6.845989931311496E-004
   160.000000000000       1.210028000250867E-003
   170.000000000000       1.839203090583380E-003
   180.000000000000       2.553711430029991E-003
   190.000000000000       3.339250427746734E-003
   200.000000000000       4.184562126524165E-003
   210.000000000000       5.080681021805648E-003
   220.000000000000       6.020387451268057E-003
   230.000000000000       6.997811018429778E-003
   240.000000000000       8.008133366610506E-003
   250.000000000000       9.047365632394751E-003
   260.000000000000       1.011217937974219E-002
   270.000000000000       1.119977576297934E-002
   280.000000000000       1.230778512226951E-002
   290.000000000000       1.343418553287203E-002
   300.000000000000       1.457724407597451E-002
   310.000000000000       1.573546222840857E-002
   320.000000000000       1.690753689137105E-002
   330.000000000000       1.809233339241224E-002
   340.000000000000       1.928885400656428E-002
   350.000000000000       2.049621579867352E-002
   360.000000000000       2.171363767915524E-002
   370.000000000000       2.294042264121211E-002
   380.000000000000       2.417594357261831E-002
   390.000000000000       2.541964029535170E-002
   400.000000000000       2.667100514117733E-002
   410.000000000000       2.792957643419399E-002
   420.000000000000       2.919493471043583E-002
   430.000000000000       3.046669632647814E-002
   440.000000000000       3.174450840840596E-002
   450.000000000000       3.302804934547678E-002
   460.000000000000       3.431702075466384E-002
   470.000000000000       3.561114311920096E-002
   480.000000000000       3.691016085726217E-002
   490.000000000000       3.821383386089076E-002
   500.000000000000       3.952194146627700E-002
   510.000000000000       4.083427143871574E-002
   520.000000000000       4.215063011411399E-002
   530.000000000000       4.347083133927659E-002
   540.000000000000       4.479470002208150E-002
   550.000000000000       4.612208084665661E-002
   560.000000000000       4.745281197540757E-002
   570.000000000000       4.878674340652223E-002
   580.000000000000       5.012374613112994E-002
   590.000000000000       5.146368356401895E-002
   600.000000000000       5.280643045118724E-002
   610.000000000000       5.415186763397537E-002
   620.000000000000       5.549987778051759E-002
   630.000000000000       5.685036026979021E-002
   640.000000000000       5.820320617671833E-002
   650.000000000000       5.955831947313996E-002
   660.000000000000       6.091560223583748E-002
   670.000000000000       6.227496559472428E-002
   680.000000000000       6.363631666007021E-002
   690.000000000000       6.499958197617763E-002
   700.000000000000       6.636467510477541E-002
   710.000000000000       6.773152274808300E-002
   720.000000000000       6.910004317749500E-002
   730.000000000000       7.047017484140568E-002
   740.000000000000       7.184184365939829E-002
   750.000000000000       7.321498480314932E-002
   760.000000000000       7.458952918951912E-002
   770.000000000000       7.596542516043325E-002
   780.000000000000       7.734261209637018E-002
   790.000000000000       7.872103068258747E-002
   800.000000000000       8.010061852615592E-002
   810.000000000000       8.148133661304365E-002
   820.000000000000       8.286312008826380E-002
   830.000000000000       8.424592461404358E-002
   840.000000000000       8.562970645272727E-002
   850.000000000000       8.701440457568067E-002
   860.000000000000       8.840000866817850E-002
   870.000000000000       8.978642951123152E-002
   880.000000000000       9.117365390702460E-002
   890.000000000000       9.256163339080835E-002
   900.000000000000       9.395033569732592E-002
   910.000000000000       9.533972053650137E-002
   920.000000000000       9.672973386062239E-002
   930.000000000000       9.812035045639843E-002
   940.000000000000       9.951154545980968E-002
   950.000000000000       0.100903290677020     
   960.000000000000       0.102295528395339     
   970.000000000000       0.103688242066687     
   980.000000000000       0.105081400420274     
   990.000000000000       0.106474965728154     
   1000.00000000000       0.107868914969321     
   1010.00000000000       0.109263247702619     
   1020.00000000000       0.110657882578447     
   1030.00000000000       0.112052825560541     
   1040.00000000000       0.113448055018050     
   1050.00000000000       0.114843525270030     
   1060.00000000000       0.116239224282894     
   1070.00000000000       0.117635133843767     
   1080.00000000000       0.119031233911641     
   1090.00000000000       0.120427485963785     
   1100.00000000000       0.121823880372468     
   1110.00000000000       0.123220374239438     
   1120.00000000000       0.124617001337560     
   1130.00000000000       0.126013684236207     
   1140.00000000000       0.128894252241317     
   1150.00000000000       0.132111278091247     
   1160.00000000000       0.134167229132815     
   1170.00000000000       0.137461788410313     
   1180.00000000000       0.140185650155049     
   1190.00000000000       0.142320322049198     
   1200.00000000000       0.145730476057947     
   1210.00000000000       0.148551331320916     
   1220.00000000000       0.152041914096619     
   1230.00000000000       0.154289622050398     
   1240.00000000000       0.157206939576562     
   1250.00000000000       0.160810967575409     
   1260.00000000000       0.163137559485954     
   1270.00000000000       0.166150642122647     
   1280.00000000000       0.168522172946274     
   1290.00000000000       0.171593259709404     
   1300.00000000000       0.175379869197626     
   1310.00000000000       0.177830118585152     
   1320.00000000000       0.180995680482391     
   1330.00000000000       0.183490800467202     
   1340.00000000000       0.186713766126475     
   1350.00000000000       0.189253825312277     
   1360.00000000000       0.192533871806891     
   1370.00000000000       0.195118761329616     
   1380.00000000000       0.198455636329789     
   1390.00000000000       0.201085375550281     
   1400.00000000000       0.204478827461165     
   1410.00000000000       0.207153248741003     
   1420.00000000000       0.210602822754284     
   1430.00000000000       0.213321904226163     
   1440.00000000000       0.216827315508762     
   1450.00000000000       0.219590876122684     
   1460.00000000000       0.223151674875980     
   1470.00000000000       0.225959551103714     
   1480.00000000000       0.229575272316834     
   1490.00000000000       0.232427247258668     
   1500.00000000000       0.234495291125632     
   1510.00000000000       0.238187141423465     
   1520.00000000000       0.241095104428579     
   1530.00000000000       0.244840932928922     
   1540.00000000000       0.247792651220124     
   1550.00000000000       0.251591790960942     
   1560.00000000000       0.253751584885667     
   1570.00000000000       0.256758859865713     
   1580.00000000000       0.260632674166379     
   1590.00000000000       0.263683202526187     
   1600.00000000000       0.265891518232187     
   1610.00000000000       0.269839383672243     
   1620.00000000000       0.272945078332486     
   1630.00000000000       0.276944326015497     
   1640.00000000000       0.279211146652807     
   1650.00000000000       0.282371596220991     
   1660.00000000000       0.286443595810972     
   1670.00000000000       0.288747235560624     
   1680.00000000000       0.291962217885712     
   1690.00000000000       0.296106062004654     
   1700.00000000000       0.298446418356027     
   1710.00000000000       0.301715647292678     
   1720.00000000000       0.305930567375468     
   1730.00000000000       0.308307987957876     
   1740.00000000000       0.311630882976197     
   1750.00000000000       0.314023165709657     
   1760.00000000000       0.318330285760275     
   1770.00000000000       0.321706667209563     
   1780.00000000000       0.324135872883622     
   1790.00000000000       0.328512256883378     
   1800.00000000000       0.330966281283699     
   1810.00000000000       0.334407924472882     
   1820.00000000000       0.338852358899189     
   1830.00000000000       0.341343597935647     
   1840.00000000000       0.344837533076802     
   1850.00000000000       0.347343804603835     
   1860.00000000000       0.351877405684452     
   1870.00000000000       0.354408363101267     
   1880.00000000000       0.357966513972715     
   1890.00000000000       0.360512509861217     
   1900.00000000000       0.365134196518196     
   1910.00000000000       0.367705029755905     
   1920.00000000000       0.371326828294208     
   1930.00000000000       0.373912802623604     
   1940.00000000000       0.378621039481698     
   1950.00000000000       0.381231827261243     
   1960.00000000000       0.384916439236474     
   1970.00000000000       0.387542409789391     
   1980.00000000000       0.392335746649035     
   1990.00000000000       0.394986499137343     
   2000.00000000000       0.398733373418717     
   2010.00000000000       0.401399141185190     
   2020.00000000000       0.406276261599267     
   2030.00000000000       0.408967053977077     
   2040.00000000000       0.411660362276582     
   2050.00000000000       0.415481099238316     
   2060.00000000000       0.418189586379051     
   2070.00000000000       0.423170870009784     
   2080.00000000000       0.425904115995025     
   2090.00000000000       0.429785320099911     
   2100.00000000000       0.432533678678168     
   2110.00000000000       0.435284533397821     
   2120.00000000000       0.440368380525881     
   2130.00000000000       0.443144126888255     
   2140.00000000000       0.447097477022401     
   2150.00000000000       0.449888323556386     
   2160.00000000000       0.452681876179253     
   2170.00000000000       0.457866048078745     
   2180.00000000000       0.460684333706986     
   2190.00000000000       0.464708570973652     
   2200.00000000000       0.467542010810639     
   2210.00000000000       0.470377867534537     
   2220.00000000000       0.475660411166004     
   2230.00000000000       0.478521218038846     
   2240.00000000000       0.481384693640285     
   2250.00000000000       0.485490941767935     
   2260.00000000000       0.488369405493449     
   2270.00000000000       0.491250526575619     
   2280.00000000000       0.496651212392239     
   2290.00000000000       0.499556986126823     
   2300.00000000000       0.502465279186994     
   2310.00000000000       0.506652623587817     
   2320.00000000000       0.509576027364818     
   2330.00000000000       0.512501873333689     
   2340.00000000000       0.518018255163209     
   2350.00000000000       0.520968843027386     
   2360.00000000000       0.523922031051759     
   2370.00000000000       0.528188974421845     
   2380.00000000000       0.531157082198719     
   2390.00000000000       0.534127507206417     
   2400.00000000000       0.539756872785190     
   2410.00000000000       0.542752285194562     
   2420.00000000000       0.545750090289143     
   2430.00000000000       0.550095075223697     
   2440.00000000000       0.553107796366594     
   2450.00000000000       0.556123130441221     
   2460.00000000000       0.561862495434536     
   2470.00000000000       0.564902364289253     
   2480.00000000000       0.567944686569022     
   2490.00000000000       0.570989642118902     
   2500.00000000000       0.575423306974474     
   2510.00000000000       0.578483090774981     
   2520.00000000000       0.581545300251049     
   2530.00000000000       0.587412908436373     
   2540.00000000000       0.590499752048531     
   2550.00000000000       0.593589136770624     
   2560.00000000000       0.596681000959118     
   2570.00000000000       0.601201453762701     
   2580.00000000000       0.604307978592562     
   2590.00000000000       0.607416818479117     
   2600.00000000000       0.610528445033667     
   2610.00000000000       0.616543150984746     
   2620.00000000000       0.619679180783907     
   2630.00000000000       0.622817729755158     
   2640.00000000000       0.625958562727944     
   2650.00000000000       0.630576239984246     
   2660.00000000000       0.633731593694006     
   2670.00000000000       0.636889571675049     
   2680.00000000000       0.640049921867122     
   2690.00000000000       0.646207827440934     
   2700.00000000000       0.649392501328636     
   2710.00000000000       0.652579742450588     
   2720.00000000000       0.655769362826503     
   2730.00000000000       0.660481677920371     
   2740.00000000000       0.663686038840998     
   2750.00000000000       0.666892589828425     
   2760.00000000000       0.670101449234817     
   2770.00000000000       0.676398090235767     
   2780.00000000000       0.679631294100210     
   2790.00000000000       0.682867220299905     
   2800.00000000000       0.686105122730512     
   2810.00000000000       0.690909500171928     
   2820.00000000000       0.694162552088320     
   2830.00000000000       0.697417104256729     
   2840.00000000000       0.700674341540588     
   2850.00000000000       0.703934080234243     
   2860.00000000000       0.710386297715228     
   2870.00000000000       0.713670251643323     
   2880.00000000000       0.716956339039646     
   2890.00000000000       0.720244729178008     
   2900.00000000000       0.723535703325327     
   2910.00000000000       0.728454081645403     
   2920.00000000000       0.731759352313568     
   2930.00000000000       0.735066840453579     
   2940.00000000000       0.738376885774677     
   2950.00000000000       0.744979175151184     
   2960.00000000000       0.748313048099635     
   2970.00000000000       0.751649591377062     
   2980.00000000000       0.754988050275190     
   2990.00000000000       0.758328982895189     
   3000.00000000000       0.763345715516783     
   3010.00000000000       0.766700943472355     
   3020.00000000000       0.770057965237151     
   3030.00000000000       0.773417855981003     
   3040.00000000000       0.776779781579171     
   3050.00000000000       0.780143894982160     
   3060.00000000000       0.786934701637260     
   3070.00000000000       0.790322268590780     
   3080.00000000000       0.793712830593924     
   3090.00000000000       0.797105482915838     
   3100.00000000000       0.800500094594178     
   3110.00000000000       0.805636543860944     
   3120.00000000000       0.809045304402183     
   3130.00000000000       0.812456517566444     
   3140.00000000000       0.815869731820748     
   3150.00000000000       0.819285694519145     
   3160.00000000000       0.822703552587269     
   3170.00000000000       0.829675341764542     
   3180.00000000000       0.833117377019339     
   3190.00000000000       0.836561121636202     
   3200.00000000000       0.840006549500638     
   3210.00000000000       0.843454651651073     
   3220.00000000000       0.846905219960715     
   3230.00000000000       0.852169029076061     
   3240.00000000000       0.855633646195307     
   3250.00000000000       0.859099899651110     
   3260.00000000000       0.862568812705067     
   3270.00000000000       0.866039938183461     
   3280.00000000000       0.869512700542521     
   3290.00000000000       0.876680159234664     
   3300.00000000000       0.880176010028281     
   3310.00000000000       0.883675567751146     
   3320.00000000000       0.887176365205046     
   3330.00000000000       0.890679688722227     
   3340.00000000000       0.894184409997931     
   3350.00000000000       0.899571395889279     
   3360.00000000000       0.903090995941625     
   3370.00000000000       0.906612112040704     
   3380.00000000000       0.910135663425668     
   3390.00000000000       0.913660669059473     
   3400.00000000000       0.917188278085254     
   3410.00000000000       0.920717805727552     
   3420.00000000000       0.928093823676522     
   3430.00000000000       0.931646165082168     
   3440.00000000000       0.935202006228126     
   3450.00000000000       0.938759715757630     
   3460.00000000000       0.942319554207437     
   3470.00000000000       0.945880276646672     
   3480.00000000000       0.951397847942422     
   3490.00000000000       0.954971932625019     
   3500.00000000000       0.958549882674391     
   3510.00000000000       0.962128844305588     
   3520.00000000000       0.965710517527222     
   3530.00000000000       0.969293091813537     
   3540.00000000000       0.972879514078272     
   3550.00000000000       0.976466115642925     
   3560.00000000000       0.984062092959764     
   3570.00000000000       0.987673648178708     
   3580.00000000000       0.991286322954145     
   3590.00000000000       0.994901291405085     
   3600.00000000000       0.998518199860476     
   3610.00000000000        1.00213674775517     
   3620.00000000000        1.00575779449891     
   3630.00000000000        1.01142273234889     
   3640.00000000000        1.01505739540472     
   3650.00000000000        1.01869386365111     
   3660.00000000000        1.02233161404488     
   3670.00000000000        1.02597190184283     
   3680.00000000000        1.02961465455529     
   3690.00000000000        1.03325909545821     
   3700.00000000000        1.03690513724651     
   3710.00000000000        1.04473355107048     
   3720.00000000000        1.04840243131874     
   3730.00000000000        1.05207375374811     
   3740.00000000000        1.05574740031098     
   3750.00000000000        1.05942180899818     
   3760.00000000000        1.06309958094085     
   3770.00000000000        1.06677849406164     
   3780.00000000000        1.07045960225272     
   3790.00000000000        1.07627866503177     
   3800.00000000000        1.07997291280138     
   3810.00000000000        1.08366952401204     
   3820.00000000000        1.08736781424888     
   3830.00000000000        1.09106739760821     
   3840.00000000000        1.09476914629945     
   3850.00000000000        1.09847442943572     
   3860.00000000000        1.10217983072892     
   3870.00000000000        1.11024847344613     
   3880.00000000000        1.11397738178496     
   3890.00000000000        1.11770825215527     
   3900.00000000000        1.12144162587582     
   3910.00000000000        1.12517601058982     
   3920.00000000000        1.12891141359236     
   3930.00000000000        1.13265009459348     
   3940.00000000000        1.13639084136204     
   3950.00000000000        1.14013319004298     
   3960.00000000000        1.14610923030448     
   3970.00000000000        1.14986443661006     
   3980.00000000000        1.15362230325126     
   3990.00000000000        1.15738130664949     
   4000.00000000000        1.16114165387385     
   4010.00000000000        1.16490458806347     
   4020.00000000000        1.16866876706520     
   4030.00000000000        1.17243456431685     
   4040.00000000000        1.17620252601921     
   4050.00000000000        1.17997245965275     
   4060.00000000000        1.18833204671658     
   4070.00000000000        1.19212532479642     
   4080.00000000000        1.19592050604619     
   4090.00000000000        1.19971687020757     
   4100.00000000000        1.20351490403831     
   4110.00000000000        1.20731448446619     
   4120.00000000000        1.21111679385197     
   4130.00000000000        1.21491949117702     
   4140.00000000000        1.21872507352786     
   4150.00000000000        1.22253172625461     
   4160.00000000000        1.22869394811659     
   4170.00000000000        1.23251347915454     
   4180.00000000000        1.23633667380514     
   4190.00000000000        1.24015982597400     
   4200.00000000000        1.24398506479869     
   4210.00000000000        1.24781248510762     
   4220.00000000000        1.25164128199911     
   4230.00000000000        1.25547176480154     
   4240.00000000000        1.25930448265132     
   4250.00000000000        1.26313835818820     
   4260.00000000000        1.27179408302832     
   4270.00000000000        1.27565128337804     
   4280.00000000000        1.27950946594589     
   4290.00000000000        1.28336988877199     
   4300.00000000000        1.28723243897251     
   4310.00000000000        1.29109578143458     
   4320.00000000000        1.29496130554412     
   4330.00000000000        1.29882834802951     
   4340.00000000000        1.30269787298875     
   4350.00000000000        1.30656685957083     
   4360.00000000000        1.31044029932986     
   4370.00000000000        1.31678804211785     
   4380.00000000000        1.32067399462466     
   4390.00000000000        1.32456040159590     
   4400.00000000000        1.32844897826567     
   4410.00000000000        1.33234018256843     
   4420.00000000000        1.33623113973596     
   4430.00000000000        1.34012528978070     
   4440.00000000000        1.34402124894479     
   4450.00000000000        1.34791689007503     
   4460.00000000000        1.35181526717820     
   4470.00000000000        1.35571612788854     
   4480.00000000000        1.36469038871739     
   4490.00000000000        1.36861305824177     
   4500.00000000000        1.37253764965316     
   4510.00000000000        1.37646574741766     
   4520.00000000000        1.38039178771456     
   4530.00000000000        1.38432152924949     
   4540.00000000000        1.38825241352817     
   4550.00000000000        1.39218561054294     
   4560.00000000000        1.39612101557190     
   4570.00000000000        1.40005453130747     
   4580.00000000000        1.40399212626454     
   4590.00000000000        1.40793226161037     
   4600.00000000000        1.41447794687597     
   4610.00000000000        1.41843131869526     
   4620.00000000000        1.42238453274605     
   4630.00000000000        1.42634131525417     
   4640.00000000000        1.43029616437806     
   4650.00000000000        1.43425392846974     
   4660.00000000000        1.43821472029699     
   4670.00000000000        1.44217706205316     
   4680.00000000000        1.44613870885062     
   4690.00000000000        1.45010321774596     
   4700.00000000000        1.45406921048880     
   4710.00000000000        1.45803740675557     
   4720.00000000000        1.46200598914605     
   4730.00000000000        1.47134387822962     
   4740.00000000000        1.47533529266324     
   4750.00000000000        1.47932728771263     
   4760.00000000000        1.48332221495597     
   4770.00000000000        1.48731902570802     
   4780.00000000000        1.49131695309814     
   4790.00000000000        1.49531726863271     
   4800.00000000000        1.49931757286872     
   4810.00000000000        1.50332011028147     
   4820.00000000000        1.50732279627149     
   4830.00000000000        1.51132919995112     
   4840.00000000000        1.51533740235828     
   4850.00000000000        1.51934587462031     
   4860.00000000000        1.52335686267080     
   4870.00000000000        1.53013382277173     
   4880.00000000000        1.53415549391279     
   4890.00000000000        1.53818123509692     
   4900.00000000000        1.54220682223337     
   4910.00000000000        1.54623229275771     
   4920.00000000000        1.55026332441820     
   4930.00000000000        1.55429182641760     
   4940.00000000000        1.55832607226242     
   4950.00000000000        1.56235934581872     
   4960.00000000000        1.56639414987263     
   4970.00000000000        1.57042932954382     
   4980.00000000000        1.57446783528863     
   4990.00000000000        1.57850782223549     
   5000.00000000000        1.58254750796400     
   5010.00000000000        1.59228194840673     
   5020.00000000000        1.59634574167966     
   5030.00000000000        1.60041069327802     
   5040.00000000000        1.60447615222119     
   5050.00000000000        1.60854364325191     
   5060.00000000000        1.61261179498123     
   5070.00000000000        1.61668253001498     
   5080.00000000000        1.62075522744210     
   5090.00000000000        1.62482822876564     
   5100.00000000000        1.62890474550073     
   5110.00000000000        1.63297791337557     
   5120.00000000000        1.63705821074732     
   5130.00000000000        1.64113551616605     
   5140.00000000000        1.64521602500506     
   5150.00000000000        1.64929971351441     
   5160.00000000000        1.65631312821626     
   5170.00000000000        1.66040851856425     
   5180.00000000000        1.66450624782977     
   5190.00000000000        1.66860331737938     
   5200.00000000000        1.67270118403317     
   5210.00000000000        1.67680102096178     
   5220.00000000000        1.68090343048339     
   5230.00000000000        1.68500580761499     
   5240.00000000000        1.68910975890652     
   5250.00000000000        1.69321470177229     
   5260.00000000000        1.69732296507828     
   5270.00000000000        1.70143242169935     
   5280.00000000000        1.70553952084358     
   5290.00000000000        1.70965169682577     
   5300.00000000000        1.71376562069274     
   5310.00000000000        1.71787958476327     
   5320.00000000000        1.72804521019974     
   5330.00000000000        1.73218013933897     
   5340.00000000000        1.73631765787187     
   5350.00000000000        1.74045785201386     
   5360.00000000000        1.74459737145226     
   5370.00000000000        1.74873903626492     
   5380.00000000000        1.75288236741760     
   5390.00000000000        1.75702738202283     
   5400.00000000000        1.76117520708241     
   5410.00000000000        1.76532220564868     
   5420.00000000000        1.76946947782727     
   5430.00000000000        1.77361727391793     
   5440.00000000000        1.77777146417627     
   5450.00000000000        1.78192417855295     
   5460.00000000000        1.78607886784988     
   5470.00000000000        1.79023385008364     
   5480.00000000000        1.79438896518590     
   5490.00000000000        1.79854880014061     
   5500.00000000000        1.80583910185417     
   5510.00000000000        1.81000984811300     
   5520.00000000000        1.81418047653688     
   5530.00000000000        1.81835518020668     
   5540.00000000000        1.82253018851607     
   5550.00000000000        1.82670445893233     
   5560.00000000000        1.83088148407844     
   5570.00000000000        1.83505993180975     
   5580.00000000000        1.83923981768450     
   5590.00000000000        1.84342191945569     
   5600.00000000000        1.84760597961324     
   5610.00000000000        1.85178726173950     
   5620.00000000000        1.85597260723262     
   5630.00000000000        1.86016117230634     
   5640.00000000000        1.86434577648438     
   5650.00000000000        1.86853531998773     
   5660.00000000000        1.87272425237387     
   5670.00000000000        1.87692011126183     
   5680.00000000000        1.88757811519370     
   5690.00000000000        1.89179200859683     
   5700.00000000000        1.89600744575352     
   5710.00000000000        1.90022372867412     
   5720.00000000000        1.90444179580503     
   5730.00000000000        1.90866026936726     
   5740.00000000000        1.91288028306581     
   5750.00000000000        1.91709927124686     
   5760.00000000000        1.92132554481467     
   5770.00000000000        1.92554351611005     
   5780.00000000000        1.92977075851579     
   5790.00000000000        1.93400139757781     
   5800.00000000000        1.93822587767958     
   5810.00000000000        1.94245375475278     
   5820.00000000000        1.94668299151960     
   5830.00000000000        1.95091498780767     
   5840.00000000000        1.95514888628049     
   5850.00000000000        1.95938378367578     
   5860.00000000000        1.96361915863198     
   5870.00000000000        1.96785379945763     
   5880.00000000000        1.97544274605330     
   5890.00000000000        1.97969040266124     
   5900.00000000000        1.98394228526212     
   5910.00000000000        1.98819309717334     
   5920.00000000000        1.99244533639299     
   5930.00000000000        1.99669918617575     
   5940.00000000000        2.00095309979353     
   5950.00000000000        2.00520987044075     
   5960.00000000000        2.00946648855722     
   5970.00000000000        2.01372783738521     
   5980.00000000000        2.01798532733636     
   5990.00000000000        2.02224695337352     
   6000.00000000000        2.02650760218972     
   6010.00000000000        2.03077293572328     
   6020.00000000000        2.03503469160425     
   6030.00000000000        2.03930089124272     
   6040.00000000000        2.04357008242820     
   6050.00000000000        2.04783580365451     
   6060.00000000000        2.05210715666835     
   6070.00000000000        2.05637769070464     
   6080.00000000000        2.06064885138921     
   6090.00000000000        2.07186825832982     
   6100.00000000000        2.07616134591547     
   6110.00000000000        2.08045556113732     
   6120.00000000000        2.08475044248571     
   6130.00000000000        2.08905000833950     
   6140.00000000000        2.09334663053345     
   6150.00000000000        2.09764560841295     
   6160.00000000000        2.10194760704010     
   6170.00000000000        2.10624923096015     
   6180.00000000000        2.11055170825216     
   6190.00000000000        2.11485748685894     
   6200.00000000000        2.11916329446229     
   6210.00000000000        2.12346815591660     
   6220.00000000000        2.12777553485534     
   6230.00000000000        2.13208608266428     
   6240.00000000000        2.13639623972022     
   6250.00000000000        2.14070740921484     
   6260.00000000000        2.14502331291584     
   6270.00000000000        2.14933572695556     
   6280.00000000000        2.15365078896203     
   6290.00000000000        2.15796777052949     
   6300.00000000000        2.16228355966820     
   6310.00000000000        2.16660293611870     
   6320.00000000000        2.17452890770143     
   6330.00000000000        2.17885447175541     
   6340.00000000000        2.18318934669213     
   6350.00000000000        2.18752332499599     
   6360.00000000000        2.19185307117058     
   6370.00000000000        2.19619389209447     
   6380.00000000000        2.20052513165232     
   6390.00000000000        2.20486596283079     
   6400.00000000000        2.20920308507741     
   6410.00000000000        2.21354321280440     
   6420.00000000000        2.21788415819730     
   6430.00000000000        2.22222513493995     
   6440.00000000000        2.22656798505969     
   6450.00000000000        2.23091368925124     
   6460.00000000000        2.23525923234073     
   6470.00000000000        2.23960126475872     
   6480.00000000000        2.24394942246680     
   6490.00000000000        2.24830086200118     
   6500.00000000000        2.25265097763659     
   6510.00000000000        2.25699855831118     
   6520.00000000000        2.26135407280945     
   6530.00000000000        2.26570368760031     
   6540.00000000000        2.27005748533231     
   6550.00000000000        2.27441181239483     
   6560.00000000000        2.27876877775371     
   6570.00000000000        2.29063513078335     
   6580.00000000000        2.29501480511235     
   6590.00000000000        2.29939146603946     
   6600.00000000000        2.30377116270767     
   6610.00000000000        2.30815581828675     
   6620.00000000000        2.31253613766771     
   6630.00000000000        2.31692282062620     
   6640.00000000000        2.32130432656445     
   6650.00000000000        2.32568855071310     
   6660.00000000000        2.33007719188234     
   6670.00000000000        2.33446692528209     
   6680.00000000000        2.33885345740819     
   6690.00000000000        2.34324409664517     
   6700.00000000000        2.34763446118301     
   6710.00000000000        2.35202730612774     
   6720.00000000000        2.35641960160843     
   6730.00000000000        2.36081535996604     
   6740.00000000000        2.36520712700300     
   6750.00000000000        2.36960917826250     
   6760.00000000000        2.37400465407473     
   6770.00000000000        2.37840609578859     
   6780.00000000000        2.38280563386672     
   6790.00000000000        2.38720751221889     
   6800.00000000000        2.39160986546109     
   6810.00000000000        2.39601260963871     
   6820.00000000000        2.40041866013308     
   6830.00000000000        2.40481768231717     
   6840.00000000000        2.41313598771722     
   6850.00000000000        2.41755657251222     
   6860.00000000000        2.42197320082715     
   6870.00000000000        2.42639185838050     
   6880.00000000000        2.43081056932806     
   6890.00000000000        2.43523547704921     
   6900.00000000000        2.43965426406433     
   6910.00000000000        2.44407989888261     
   6920.00000000000        2.44850549905433     
   6930.00000000000        2.45292858798611     
   6940.00000000000        2.45735442954294     
   6950.00000000000        2.46178306165291     
   6960.00000000000        2.46620962797311     
   6970.00000000000        2.47063987562327     
   6980.00000000000        2.47507097572962     
   6990.00000000000        2.47950096969170     
   7000.00000000000        2.48393362704608     
   7010.00000000000        2.48836817233734     
   7020.00000000000        2.49280701157016     
   7030.00000000000        2.49723814424293     
   7040.00000000000        2.50168193678544     
   7050.00000000000        2.50611316804618     
   7060.00000000000        2.51055480899096     
   7070.00000000000        2.51499442463236     
   7080.00000000000        2.51943602731608     
   7090.00000000000        2.52387817607876     
   7100.00000000000        2.52831778230985     
   7110.00000000000        2.53276317043952     
   7120.00000000000        2.53720950147463     
   7130.00000000000        2.54981216787567     
   7140.00000000000        2.55427764473468     
   7150.00000000000        2.55874230310689     
   7160.00000000000        2.56321236599729     
   7170.00000000000        2.56768639099591     
   7180.00000000000        2.57215424631259     
   7190.00000000000        2.57662677965456     
   7200.00000000000        2.58109602553067     
   7210.00000000000        2.58557526516634     
   7220.00000000000        2.59004949676137     
   7230.00000000000        2.59452359365855     
   7240.00000000000        2.59900256942726     
   7250.00000000000        2.60347946821042     
   7260.00000000000        2.60795405900577     
   7270.00000000000        2.61243459553409     
   7280.00000000000        2.61691395175570     
   7290.00000000000        2.62139363454509     
   7300.00000000000        2.62587915123016     
   7310.00000000000        2.63036034936099     
   7320.00000000000        2.63484455532609     
   7330.00000000000        2.63933003084911     
   7340.00000000000        2.64381876390926     
   7350.00000000000        2.64830540125114     
   7360.00000000000        2.65279667173446     
   7370.00000000000        2.65728530059401     
   7380.00000000000        2.66177568756772     
   7390.00000000000        2.66626580071194     
   7400.00000000000        2.67075668421960     
   7410.00000000000        2.67525215777690     
   7420.00000000000        2.67974433543283     
   7430.00000000000        2.68423947237298     
   7440.00000000000        2.68873493680953     
   7450.00000000000        2.69749874937850     
   7460.00000000000        2.70200586759360     
   7470.00000000000        2.70651832442952     
   7480.00000000000        2.71102367826731     
   7490.00000000000        2.71553534250912     
   7500.00000000000        2.72004682828877     
   7510.00000000000        2.72455997300058     
   7520.00000000000        2.72907736358199     
   7530.00000000000        2.73358846234269     
   7540.00000000000        2.73810399289018     
   7550.00000000000        2.74261860024288     
   7560.00000000000        2.74714363309331     
   7570.00000000000        2.75166012797716     
   7580.00000000000        2.75617616442089     
   7590.00000000000        2.76069594223550     
   7600.00000000000        2.76521653321230     
   7610.00000000000        2.76973535500251     
   7620.00000000000        2.77426827904108     
   7630.00000000000        2.77878431671605     
   7640.00000000000        2.78331190178942     
   7650.00000000000        2.78783839125683     
   7660.00000000000        2.79236438090113     
   7670.00000000000        2.79689144116390     
   7680.00000000000        2.80141979099185     
   7690.00000000000        2.80595194948780     
   7700.00000000000        2.81048029446515     
   7710.00000000000        2.81501546632621     
   7720.00000000000        2.81954710678082     
   7730.00000000000        2.82407702844379     
   7740.00000000000        2.82861762942218     
   7750.00000000000        2.83314880314682     
   7760.00000000000        2.83768323961574     
   7770.00000000000        2.84222008318052     
   7780.00000000000        2.84675727710904     
   7790.00000000000        2.85129688014861     
   7800.00000000000        2.86478131099237     
   7810.00000000000        2.86933714709052     
   7820.00000000000        2.87389848181897     
   7830.00000000000        2.87845522462056     
   7840.00000000000        2.88302493662922     
   7850.00000000000        2.88757951867115     
   7860.00000000000        2.89215001549363     
   7870.00000000000        2.89671185871870     
   7880.00000000000        2.90128350667122     
   7890.00000000000        2.90584341562744     
   7900.00000000000        2.91041603911980     
   7910.00000000000        2.91498936022820     
   7920.00000000000        2.91955741203032     
   7930.00000000000        2.92413160092333     
   7940.00000000000        2.92870035823291     
   7950.00000000000        2.93327280902569     
   7960.00000000000        2.93784758713561     
   7970.00000000000        2.94241998167937     
   7980.00000000000        2.94700208620359     
   7990.00000000000        2.95157550063639     
   8000.00000000000        2.95615213476174     
