0.00000E+00 	0.00000E+00 	0.00000E+00 	0.00000E+00 	0.00000E+00 	0.00000E+00 	0.00000E+00 	0.00000E+00 	0.00000E+00 	0.00000E+00 	0.00000E+00 	0.00000E+00 	0.00000E+00 	0.00000E+00 	0.00000E+00 	
9.39979E-07 	1.12616E-06 	1.18194E-06 	1.20090E-06 	1.18092E-06 	1.14687E-06 	1.09380E-06 	1.02162E-06 	9.38809E-07 	8.41019E-07 	7.35395E-07 	6.14071E-07 	4.78463E-07 	3.39006E-07 	1.69208E-07 	
1.92297E-06 	2.36014E-06 	2.48780E-06 	2.54311E-06 	2.49792E-06 	2.43196E-06 	2.31169E-06 	2.17464E-06 	2.00478E-06 	1.79649E-06 	1.58296E-06 	1.32837E-06 	1.04356E-06 	7.55872E-07 	3.91889E-07 	
2.71255E-06 	3.43160E-06 	3.63523E-06 	3.72977E-06 	3.67291E-06 	3.58078E-06 	3.42488E-06 	3.21954E-06 	2.98038E-06 	2.67145E-06 	2.37925E-06 	1.99773E-06 	1.58781E-06 	1.17094E-06 	6.22467E-07 	
3.51507E-06 	4.56383E-06 	4.85598E-06 	5.00776E-06 	4.93431E-06 	4.81140E-06 	4.61767E-06 	4.33698E-06 	4.02983E-06 	3.62540E-06 	3.25713E-06 	2.73582E-06 	2.19239E-06 	1.63849E-06 	8.82499E-07 	
4.23891E-06 	5.61121E-06 	6.04379E-06 	6.20085E-06 	6.13472E-06 	5.96636E-06 	5.75160E-06 	5.38741E-06 	5.04521E-06 	4.54454E-06 	4.09110E-06 	3.45601E-06 	2.78934E-06 	2.11561E-06 	1.15342E-06 	
5.01630E-06 	6.78313E-06 	7.35941E-06 	7.56042E-06 	7.49852E-06 	7.29345E-06 	7.05980E-06 	6.60086E-06 	6.19937E-06 	5.60402E-06 	5.03620E-06 	4.29389E-06 	3.47879E-06 	2.66106E-06 	1.45931E-06 	
5.81057E-06 	7.95592E-06 	8.66107E-06 	8.95646E-06 	8.87358E-06 	8.63888E-06 	8.33974E-06 	7.85022E-06 	7.35359E-06 	6.66148E-06 	6.00265E-06 	5.16129E-06 	4.17829E-06 	3.22519E-06 	1.77553E-06 	
6.68716E-06 	9.34175E-06 	1.01405E-05 	1.05520E-05 	1.03795E-05 	1.01794E-05 	9.84316E-06 	9.25062E-06 	8.65781E-06 	7.83711E-06 	7.10066E-06 	6.13883E-06 	4.98740E-06 	3.86299E-06 	2.13926E-06 	
7.32974E-06 	1.03380E-05 	1.12977E-05 	1.17286E-05 	1.15690E-05 	1.13532E-05 	1.09845E-05 	1.03361E-05 	9.65426E-06 	8.80918E-06 	7.94071E-06 	6.87169E-06 	5.62059E-06 	4.32808E-06 	2.41510E-06 	
8.24025E-06 	1.16666E-05 	1.28588E-05 	1.33783E-05 	1.32384E-05 	1.29619E-05 	1.24599E-05 	1.17436E-05 	1.10224E-05 	1.00331E-05 	9.05896E-06 	7.81839E-06 	6.44371E-06 	4.99431E-06 	2.77059E-06 	
9.17609E-06 	1.30070E-05 	1.44105E-05 	1.49750E-05 	1.48306E-05 	1.44816E-05 	1.39892E-05 	1.32144E-05 	1.23817E-05 	1.12397E-05 	1.01744E-05 	8.75305E-06 	7.25036E-06 	5.62188E-06 	3.12762E-06 	
1.00509E-05 	1.43416E-05 	1.58679E-05 	1.64863E-05 	1.64463E-05 	1.59980E-05 	1.54737E-05 	1.45932E-05 	1.36268E-05 	1.24037E-05 	1.12554E-05 	9.67460E-06 	8.06056E-06 	6.20763E-06 	3.46634E-06 	
1.09359E-05 	1.56304E-05 	1.73982E-05 	1.80001E-05 	1.79845E-05 	1.75296E-05 	1.69298E-05 	1.59849E-05 	1.48807E-05 	1.36159E-05 	1.22873E-05 	1.06109E-05 	8.83243E-06 	6.77723E-06 	3.79816E-06 	
1.18560E-05 	1.70428E-05 	1.89649E-05 	1.96803E-05 	1.95811E-05 	1.92499E-05 	1.83843E-05 	1.76073E-05 	1.62073E-05 	1.48705E-05 	1.34257E-05 	1.16094E-05 	9.63345E-06 	7.43131E-06 	4.17906E-06 	
1.29384E-05 	1.86878E-05 	2.07467E-05 	2.16556E-05 	2.13949E-05 	2.11264E-05 	2.00901E-05 	1.94214E-05 	1.76620E-05 	1.63328E-05 	1.46517E-05 	1.28130E-05 	1.05082E-05 	8.18018E-06 	4.61768E-06 	
1.40218E-05 	2.02478E-05 	2.23349E-05 	2.34738E-05 	2.31900E-05 	2.28572E-05 	2.17641E-05 	2.09296E-05 	1.90977E-05 	1.76495E-05 	1.58272E-05 	1.38207E-05 	1.13634E-05 	8.73391E-06 	4.96637E-06 	
1.44949E-05 	2.08756E-05 	2.30620E-05 	2.40522E-05 	2.39516E-05 	2.35133E-05 	2.24330E-05 	2.15620E-05 	1.97089E-05 	1.82057E-05 	1.62846E-05 	1.43010E-05 	1.15807E-05 	8.97160E-06 	5.17124E-06 	
1.57122E-05 	2.27502E-05 	2.52334E-05 	2.63248E-05 	2.60248E-05 	2.56140E-05 	2.45292E-05 	2.33845E-05 	2.15750E-05 	1.98372E-05 	1.77648E-05 	1.55188E-05 	1.26324E-05 	9.78705E-06 	5.57207E-06 	
1.72943E-05 	2.48808E-05 	2.76364E-05 	2.89469E-05 	2.85163E-05 	2.79568E-05 	2.68735E-05 	2.57352E-05 	2.37021E-05 	2.17323E-05 	1.95520E-05 	1.70041E-05 	1.38224E-05 	1.06322E-05 	6.04542E-06 	
1.74430E-05 	2.48380E-05 	2.74156E-05 	2.88044E-05 	2.83382E-05 	2.79540E-05 	2.67795E-05 	2.54689E-05 	2.36310E-05 	2.14476E-05 	1.95212E-05 	1.68326E-05 	1.37564E-05 	1.05936E-05 	5.93581E-06 	
1.97998E-05 	2.81396E-05 	3.11169E-05 	3.26778E-05 	3.21497E-05 	3.18177E-05 	3.03527E-05 	2.89743E-05 	2.68147E-05 	2.42743E-05 	2.20841E-05 	1.90869E-05 	1.55976E-05 	1.19064E-05 	6.74570E-06 	
1.95086E-05 	2.76446E-05 	3.04248E-05 	3.21497E-05 	3.13931E-05 	3.12549E-05 	2.96583E-05 	2.83075E-05 	2.61483E-05 	2.38355E-05 	2.17300E-05 	1.84981E-05 	1.53448E-05 	1.15938E-05 	6.56392E-06 	
2.21381E-05 	3.07190E-05 	3.41967E-05 	3.59506E-05 	3.51459E-05 	3.49206E-05 	3.30684E-05 	3.16949E-05 	2.92306E-05 	2.65253E-05 	2.43291E-05 	2.06405E-05 	1.70875E-05 	1.29481E-05 	7.24213E-06 	
2.20809E-05 	3.02685E-05 	3.35318E-05 	3.56416E-05 	3.47305E-05 	3.45146E-05 	3.27299E-05 	3.11470E-05 	2.88306E-05 	2.61880E-05 	2.39370E-05 	2.02772E-05 	1.68060E-05 	1.27230E-05 	7.15620E-06 	
2.49830E-05 	3.39259E-05 	3.76285E-05 	3.98066E-05 	3.89204E-05 	3.84549E-05 	3.68448E-05 	3.48094E-05 	3.21861E-05 	2.90818E-05 	2.66211E-05 	2.25746E-05 	1.87864E-05 	1.40043E-05 	7.95429E-06 	
2.42284E-05 	3.28810E-05 	3.64649E-05 	3.81641E-05 	3.74078E-05 	3.68878E-05 	3.55831E-05 	3.33093E-05 	3.08413E-05 	2.79287E-05 	2.57086E-05 	2.16204E-05 	1.81106E-05 	1.34174E-05 	7.64561E-06 	
2.77630E-05 	3.75834E-05 	4.13781E-05 	4.34847E-05 	4.27115E-05 	4.19225E-05 	4.05855E-05 	3.75161E-05 	3.53083E-05 	3.19071E-05 	2.91253E-05 	2.45535E-05 	2.03920E-05 	1.51444E-05 	8.51331E-06 	
2.65221E-05 	3.53246E-05 	3.92800E-05 	4.09808E-05 	4.01394E-05 	3.96560E-05 	3.84223E-05 	3.54527E-05 	3.32317E-05 	3.01270E-05 	2.72270E-05 	2.31761E-05 	1.92927E-05 	1.43467E-05 	7.98908E-06 	
3.02650E-05 	4.00033E-05 	4.43082E-05 	4.60694E-05 	4.56151E-05 	4.48732E-05 	4.35067E-05 	3.99306E-05 	3.74454E-05 	3.36432E-05 	3.08082E-05 	2.59476E-05 	2.14041E-05 	1.60836E-05 	8.87332E-06 	
3.03237E-05 	3.95789E-05 	4.39514E-05 	4.58219E-05 	4.53708E-05 	4.45708E-05 	4.30992E-05 	3.94843E-05 	3.71374E-05 	3.33662E-05 	3.03301E-05 	2.57252E-05 	2.09806E-05 	1.59557E-05 	8.75748E-06 	
3.14881E-05 	4.09074E-05 	4.51069E-05 	4.69402E-05 	4.64654E-05 	4.55613E-05 	4.43508E-05 	4.04661E-05 	3.79331E-05 	3.43124E-05 	3.08253E-05 	2.66102E-05 	2.17597E-05 	1.61646E-05 	8.88439E-06 	
3.49667E-05 	4.54627E-05 	4.98546E-05 	5.20795E-05 	5.13384E-05 	5.03126E-05 	4.88147E-05 	4.47209E-05 	4.21033E-05 	3.78376E-05 	3.37487E-05 	2.93764E-05 	2.37285E-05 	1.77281E-05 	9.68327E-06 	
3.30022E-05 	4.25669E-05 	4.69037E-05 	4.88946E-05 	4.83852E-05 	4.70281E-05 	4.52324E-05 	4.19727E-05 	3.93999E-05 	3.53087E-05 	3.16061E-05 	2.70075E-05 	2.22208E-05 	1.64483E-05 	9.00665E-06 	
3.65408E-05 	4.68689E-05 	5.14941E-05 	5.32091E-05 	5.29917E-05 	5.15582E-05 	4.94795E-05 	4.58115E-05 	4.25221E-05 	3.87373E-05 	3.46076E-05 	2.95675E-05 	2.41204E-05 	1.81222E-05 	9.79020E-06 	
3.92360E-05 	5.01984E-05 	5.51185E-05 	5.70606E-05 	5.69023E-05 	5.50354E-05 	5.29790E-05 	4.93323E-05 	4.51482E-05 	4.13010E-05 	3.68686E-05 	3.14509E-05 	2.53280E-05 	1.92131E-05 	1.04879E-05 	
3.68487E-05 	4.67103E-05 	5.12354E-05 	5.30608E-05 	5.27685E-05 	5.10743E-05 	4.90088E-05 	4.58799E-05 	4.21079E-05 	3.84026E-05 	3.38791E-05 	2.91910E-05 	2.33083E-05 	1.77593E-05 	9.55814E-06 	
4.06333E-05 	5.16197E-05 	5.64197E-05 	5.84379E-05 	5.78600E-05 	5.59981E-05 	5.35346E-05 	5.03463E-05 	4.58988E-05 	4.17112E-05 	3.71962E-05 	3.18635E-05 	2.56359E-05 	1.93804E-05 	1.03071E-05 	
4.38709E-05 	5.54420E-05 	6.03038E-05 	6.25742E-05 	6.18289E-05 	6.00211E-05 	5.73147E-05 	5.36664E-05 	4.92090E-05 	4.43963E-05 	3.99466E-05 	3.38892E-05 	2.71791E-05 	2.05739E-05 	1.09574E-05 	
4.11887E-05 	5.22318E-05 	5.63714E-05 	5.85912E-05 	5.82567E-05 	5.62189E-05 	5.37859E-05 	5.04384E-05 	4.60111E-05 	4.12254E-05 	3.71113E-05 	3.15000E-05 	2.55835E-05 	1.91769E-05 	1.01486E-05 	
4.37594E-05 	5.53610E-05 	5.98103E-05 	6.19729E-05 	6.16148E-05 	5.91739E-05 	5.66679E-05 	5.28141E-05 	4.83634E-05 	4.38414E-05 	3.92035E-05 	3.30162E-05 	2.66277E-05 	1.98702E-05 	1.06386E-05 	
4.81190E-05 	6.02714E-05 	6.49784E-05 	6.76255E-05 	6.68873E-05 	6.41123E-05 	6.18646E-05 	5.74265E-05 	5.21638E-05 	4.69979E-05 	4.21596E-05 	3.54652E-05 	2.89996E-05 	2.11540E-05 	1.13524E-05 	
4.87145E-05 	6.07120E-05 	6.56139E-05 	6.77412E-05 	6.68399E-05 	6.40666E-05 	6.15427E-05 	5.71853E-05 	5.22044E-05 	4.68708E-05 	4.23074E-05 	3.51352E-05 	2.88170E-05 	2.08611E-05 	1.13642E-05 	
4.61247E-05 	5.74952E-05 	6.14566E-05 	6.34871E-05 	6.27141E-05 	6.03524E-05 	5.79177E-05 	5.37361E-05 	4.91182E-05 	4.37056E-05 	3.95189E-05 	3.28076E-05 	2.67671E-05 	1.95468E-05 	1.04388E-05 	
5.15448E-05 	6.40953E-05 	6.80575E-05 	7.05753E-05 	6.92005E-05 	6.72592E-05 	6.38538E-05 	5.93678E-05 	5.41131E-05 	4.84729E-05 	4.36888E-05 	3.63834E-05 	2.96265E-05 	2.11428E-05 	1.12651E-05 	
5.46711E-05 	6.75207E-05 	7.23370E-05 	7.43889E-05 	7.31164E-05 	7.05839E-05 	6.74671E-05 	6.25345E-05 	5.72473E-05 	5.07059E-05 	4.57678E-05 	3.82285E-05 	3.07587E-05 	2.21852E-05 	1.15427E-05 	
5.45803E-05 	6.64181E-05 	7.15358E-05 	7.35356E-05 	7.18366E-05 	6.94892E-05 	6.61806E-05 	6.08370E-05 	5.58852E-05 	4.97150E-05 	4.49547E-05 	3.75979E-05 	3.04697E-05 	2.14952E-05 	1.14166E-05 	
5.17826E-05 	6.33640E-05 	6.72877E-05 	7.03768E-05 	6.78956E-05 	6.65209E-05 	6.28319E-05 	5.82217E-05 	5.34782E-05 	4.71282E-05 	4.21896E-05 	3.57197E-05 	2.86717E-05 	2.01803E-05 	1.06291E-05 	
5.81901E-05 	7.08292E-05 	7.45934E-05 	7.74412E-05 	7.55238E-05 	7.37737E-05 	6.98832E-05 	6.44980E-05 	5.90578E-05 	5.17849E-05 	4.61939E-05 	3.98284E-05 	3.15033E-05 	2.20805E-05 	1.14639E-05 	
6.18561E-05 	7.42670E-05 	7.90738E-05 	8.16212E-05 	7.87351E-05 	7.75411E-05 	7.35076E-05 	6.72257E-05 	6.16685E-05 	5.47972E-05 	4.78161E-05 	4.14516E-05 	3.25133E-05 	2.28522E-05 	1.17652E-05 	
6.16049E-05 	7.44667E-05 	7.85529E-05 	8.09429E-05 	7.81855E-05 	7.65778E-05 	7.28301E-05 	6.66542E-05 	6.04230E-05 	5.38831E-05 	4.69458E-05 	4.07647E-05 	3.18138E-05 	2.26101E-05 	1.15227E-05 	
5.84904E-05 	6.90243E-05 	7.31817E-05 	7.59337E-05 	7.33875E-05 	7.10524E-05 	6.73533E-05 	6.17731E-05 	5.60242E-05 	5.05917E-05 	4.39070E-05 	3.75332E-05 	2.98848E-05 	2.05112E-05 	1.04828E-05 	
6.43997E-05 	7.65220E-05 	8.15759E-05 	8.39629E-05 	7.98582E-05 	7.87225E-05 	7.41350E-05 	6.78622E-05 	6.17531E-05 	5.53853E-05 	4.76315E-05 	4.10414E-05 	3.26553E-05 	2.28460E-05 	1.12592E-05 	
6.88595E-05 	8.17015E-05 	8.59078E-05 	8.83038E-05 	8.49792E-05 	8.30255E-05 	7.85229E-05 	7.17281E-05 	6.47348E-05 	5.82813E-05 	5.05294E-05 	4.30241E-05 	3.37798E-05 	2.33289E-05 	1.17537E-05 	
7.09617E-05 	8.27600E-05 	8.81993E-05 	8.92977E-05 	8.67951E-05 	8.39295E-05 	7.93491E-05 	7.22684E-05 	6.54716E-05 	5.85041E-05 	5.10313E-05 	4.27671E-05 	3.43691E-05 	2.37508E-05 	1.15393E-05 	
6.70270E-05 	7.85907E-05 	8.22101E-05 	8.33809E-05 	8.17114E-05 	7.85104E-05 	7.37153E-05 	6.72616E-05 	6.13473E-05 	5.41898E-05 	4.79417E-05 	3.99670E-05 	3.18121E-05 	2.21724E-05 	1.07197E-05 	
6.89730E-05 	8.05842E-05 	8.44397E-05 	8.53569E-05 	8.47660E-05 	7.99091E-05 	7.48960E-05 	6.84439E-05 	6.19121E-05 	5.60816E-05 	4.82467E-05 	4.04035E-05 	3.16986E-05 	2.23261E-05 	1.08834E-05 	
7.54377E-05 	8.71509E-05 	9.12287E-05 	9.25004E-05 	9.05457E-05 	8.61978E-05 	8.06998E-05 	7.41151E-05 	6.62624E-05 	5.98777E-05 	5.22370E-05 	4.33222E-05 	3.41657E-05 	2.35376E-05 	1.13928E-05 	
7.96531E-05 	9.05782E-05 	9.51114E-05 	9.65301E-05 	9.42102E-05 	8.97774E-05 	8.35952E-05 	7.71655E-05 	6.85977E-05 	6.24820E-05 	5.37142E-05 	4.52308E-05 	3.51868E-05 	2.41427E-05 	1.14971E-05 	
8.01056E-05 	9.22680E-05 	9.63361E-05 	9.69696E-05 	9.41552E-05 	9.02503E-05 	8.37284E-05 	7.69224E-05 	6.85226E-05 	6.18256E-05 	5.39165E-05 	4.44991E-05 	3.47442E-05 	2.37158E-05 	1.14208E-05 	
7.51782E-05 	8.71519E-05 	8.96886E-05 	9.10727E-05 	8.82798E-05 	8.52360E-05 	7.79666E-05 	7.26458E-05 	6.45465E-05 	5.75391E-05 	5.02114E-05 	4.14720E-05 	3.28551E-05 	2.20441E-05 	1.06806E-05 	
7.84131E-05 	8.99028E-05 	9.35350E-05 	9.29178E-05 	9.10681E-05 	8.60372E-05 	8.01886E-05 	7.44699E-05 	6.62637E-05 	5.91588E-05 	5.18663E-05 	4.23062E-05 	3.28081E-05 	2.25562E-05 	1.07093E-05 	
8.39231E-05 	9.59994E-05 	1.00400E-04 	1.00209E-04 	9.68901E-05 	9.36211E-05 	8.57642E-05 	7.95181E-05 	7.03934E-05 	6.27923E-05 	5.44597E-05 	4.50407E-05 	3.43502E-05 	2.37565E-05 	1.13043E-05 	
8.84384E-05 	1.00556E-04 	1.03832E-04 	1.04532E-04 	1.01486E-04 	9.72071E-05 	8.98260E-05 	8.20003E-05 	7.34914E-05 	6.48271E-05 	5.67985E-05 	4.69172E-05 	3.48723E-05 	2.44176E-05 	1.13916E-05 	
9.04599E-05 	1.02657E-04 	1.05666E-04 	1.05910E-04 	1.02804E-04 	9.82053E-05 	8.96245E-05 	8.37352E-05 	7.33306E-05 	6.57001E-05 	5.61468E-05 	4.71367E-05 	3.47568E-05 	2.45101E-05 	1.13123E-05 	
8.88565E-05 	1.00417E-04 	1.03309E-04 	1.02811E-04 	1.00183E-04 	9.53274E-05 	8.80003E-05 	8.09631E-05 	7.17172E-05 	6.31910E-05 	5.54217E-05 	4.56773E-05 	3.34674E-05 	2.34082E-05 	1.06107E-05 	
8.38070E-05 	9.44359E-05 	9.79052E-05 	9.74522E-05 	9.50457E-05 	8.86799E-05 	8.30010E-05 	7.59367E-05 	6.67622E-05 	6.03532E-05 	5.19083E-05 	4.21409E-05 	3.17598E-05 	2.10345E-05 	9.87518E-06 	
9.26730E-05 	1.04355E-04 	1.06567E-04 	1.06221E-04 	1.03215E-04 	9.81980E-05 	9.06556E-05 	8.25480E-05 	7.26886E-05 	6.49169E-05 	5.60039E-05 	4.51449E-05 	3.44265E-05 	2.30900E-05 	1.07000E-05 	
9.79910E-05 	1.10300E-04 	1.12468E-04 	1.11728E-04 	1.08300E-04 	1.03016E-04 	9.56266E-05 	8.61350E-05 	7.67909E-05 	6.76954E-05 	5.83021E-05 	4.69893E-05 	3.57694E-05 	2.34282E-05 	1.11496E-05 	
1.00952E-04 	1.13937E-04 	1.14584E-04 	1.15548E-04 	1.11598E-04 	1.04851E-04 	9.74317E-05 	8.80200E-05 	7.87842E-05 	7.02304E-05 	5.88434E-05 	4.76102E-05 	3.61324E-05 	2.35795E-05 	1.12290E-05 	
1.02440E-04 	1.15369E-04 	1.17278E-04 	1.16810E-04 	1.12082E-04 	1.05726E-04 	9.71855E-05 	8.83445E-05 	7.92031E-05 	6.94894E-05 	5.92991E-05 	4.74880E-05 	3.59310E-05 	2.34871E-05 	1.12313E-05 	
9.84899E-05 	1.11546E-04 	1.11451E-04 	1.12110E-04 	1.08407E-04 	1.01414E-04 	9.40462E-05 	8.46333E-05 	7.61020E-05 	6.65412E-05 	5.62045E-05 	4.62485E-05 	3.45037E-05 	2.20808E-05 	1.07843E-05 	
9.60507E-05 	1.07379E-04 	1.07675E-04 	1.07492E-04 	1.04058E-04 	9.75475E-05 	8.95425E-05 	8.12401E-05 	7.26770E-05 	6.32505E-05 	5.36667E-05 	4.30962E-05 	3.27527E-05 	2.13115E-05 	1.02478E-05 	
1.02416E-04 	1.16758E-04 	1.17694E-04 	1.17313E-04 	1.11850E-04 	1.05591E-04 	9.75205E-05 	8.77035E-05 	7.88397E-05 	6.87773E-05 	5.79446E-05 	4.62023E-05 	3.47626E-05 	2.25924E-05 	1.08731E-05 	
1.08062E-04 	1.21083E-04 	1.22900E-04 	1.22598E-04 	1.16923E-04 	1.09915E-04 	1.02337E-04 	9.11185E-05 	8.14635E-05 	7.13015E-05 	5.91310E-05 	4.77609E-05 	3.60394E-05 	2.26973E-05 	1.05736E-05 	
1.11347E-04 	1.25546E-04 	1.26911E-04 	1.24687E-04 	1.20215E-04 	1.12695E-04 	1.03150E-04 	9.39049E-05 	8.32009E-05 	7.27982E-05 	6.09009E-05 	4.86476E-05 	3.65108E-05 	2.35666E-05 	1.05372E-05 	
1.13035E-04 	1.27454E-04 	1.28507E-04 	1.25414E-04 	1.21589E-04 	1.13970E-04 	1.04434E-04 	9.52390E-05 	8.37592E-05 	7.35391E-05 	6.04267E-05 	4.84651E-05 	3.70962E-05 	2.34370E-05 	1.02220E-05 	
1.12016E-04 	1.24269E-04 	1.26658E-04 	1.25273E-04 	1.17995E-04 	1.11788E-04 	1.01830E-04 	9.33144E-05 	8.13529E-05 	7.19952E-05 	5.87810E-05 	4.75162E-05 	3.52265E-05 	2.31103E-05 	9.32469E-06 	
1.05869E-04 	1.18468E-04 	1.18996E-04 	1.17013E-04 	1.11139E-04 	1.05238E-04 	9.68668E-05 	8.76124E-05 	7.72546E-05 	6.72913E-05 	5.52909E-05 	4.50375E-05 	3.36597E-05 	2.20132E-05 	8.63267E-06 	
1.10950E-04 	1.25382E-04 	1.25446E-04 	1.25497E-04 	1.18407E-04 	1.11454E-04 	1.02958E-04 	9.24494E-05 	8.19866E-05 	7.02384E-05 	5.82469E-05 	4.76899E-05 	3.47184E-05 	2.29983E-05 	9.06676E-06 	
1.16278E-04 	1.31841E-04 	1.32839E-04 	1.30031E-04 	1.23747E-04 	1.16735E-04 	1.07475E-04 	9.53589E-05 	8.52911E-05 	7.33319E-05 	5.85077E-05 	4.95579E-05 	3.54522E-05 	2.32323E-05 	9.09605E-06 	
1.20945E-04 	1.35458E-04 	1.37187E-04 	1.34931E-04 	1.28157E-04 	1.19369E-04 	1.11056E-04 	9.87702E-05 	8.86136E-05 	7.59105E-05 	6.15017E-05 	4.97636E-05 	3.65611E-05 	2.29556E-05 	9.50537E-06 	
1.22782E-04 	1.38661E-04 	1.40494E-04 	1.37020E-04 	1.30997E-04 	1.21569E-04 	1.13271E-04 	1.02104E-04 	8.91682E-05 	7.60591E-05 	6.27380E-05 	5.02353E-05 	3.63501E-05 	2.30474E-05 	9.66515E-06 	
1.24886E-04 	1.40217E-04 	1.40908E-04 	1.38733E-04 	1.33357E-04 	1.22904E-04 	1.14182E-04 	1.01939E-04 	8.87782E-05 	7.68616E-05 	6.25467E-05 	5.06397E-05 	3.64341E-05 	2.24156E-05 	9.79401E-06 	
1.21528E-04 	1.36736E-04 	1.38364E-04 	1.36326E-04 	1.29532E-04 	1.19576E-04 	1.12070E-04 	9.89932E-05 	8.55604E-05 	7.48554E-05 	6.10646E-05 	4.89178E-05 	3.52792E-05 	2.14971E-05 	9.55481E-06 	
1.16829E-04 	1.29212E-04 	1.32990E-04 	1.27926E-04 	1.21991E-04 	1.14079E-04 	1.05050E-04 	9.42364E-05 	8.13726E-05 	7.05484E-05 	5.79486E-05 	4.66655E-05 	3.38025E-05 	2.09035E-05 	8.89206E-06 	
1.23670E-04 	1.37055E-04 	1.38242E-04 	1.34733E-04 	1.28410E-04 	1.19313E-04 	1.11140E-04 	9.79922E-05 	8.41715E-05 	7.38890E-05 	6.12402E-05 	4.75638E-05 	3.44185E-05 	2.12481E-05 	8.94872E-06 	
1.29120E-04 	1.41918E-04 	1.45667E-04 	1.39361E-04 	1.33965E-04 	1.25088E-04 	1.13963E-04 	1.02035E-04 	8.85833E-05 	7.73205E-05 	6.27071E-05 	4.97029E-05 	3.53812E-05 	2.14184E-05 	9.12395E-06 	
1.34502E-04 	1.46098E-04 	1.49279E-04 	1.43675E-04 	1.37138E-04 	1.29981E-04 	1.16743E-04 	1.05066E-04 	9.06449E-05 	7.86651E-05 	6.37856E-05 	5.00824E-05 	3.66095E-05 	2.18155E-05 	9.19813E-06 	
1.37248E-04 	1.49293E-04 	1.52145E-04 	1.47068E-04 	1.40439E-04 	1.33375E-04 	1.20627E-04 	1.07774E-04 	9.24043E-05 	7.96174E-05 	6.49998E-05 	5.06189E-05 	3.69366E-05 	2.22592E-05 	8.57840E-06 	
1.38174E-04 	1.51296E-04 	1.53154E-04 	1.49568E-04 	1.40584E-04 	1.34288E-04 	1.21848E-04 	1.06827E-04 	9.35308E-05 	7.92130E-05 	6.52292E-05 	5.17154E-05 	3.66137E-05 	2.18668E-05 	8.75524E-06 	
1.38309E-04 	1.51348E-04 	1.52412E-04 	1.50024E-04 	1.44018E-04 	1.34448E-04 	1.21467E-04 	1.08434E-04 	9.44111E-05 	7.97271E-05 	6.60944E-05 	5.05639E-05 	3.65315E-05 	2.21124E-05 	8.89279E-06 	
1.34949E-04 	1.48410E-04 	1.49291E-04 	1.47604E-04 	1.39027E-04 	1.29724E-04 	1.18417E-04 	1.05372E-04 	9.23062E-05 	7.72858E-05 	6.41717E-05 	4.92629E-05 	3.56916E-05 	2.05452E-05 	8.37728E-06 	
1.24886E-04 	1.36789E-04 	1.40072E-04 	1.38015E-04 	1.32062E-04 	1.22465E-04 	1.12077E-04 	9.84986E-05 	8.54720E-05 	7.08401E-05 	6.00375E-05 	4.55452E-05 	3.33770E-05 	1.90239E-05 	7.75048E-06 	
1.38538E-04 	1.52138E-04 	1.51503E-04 	1.49804E-04 	1.43549E-04 	1.35288E-04 	1.21607E-04 	1.06118E-04 	9.27953E-05 	7.86461E-05 	6.51710E-05 	4.97822E-05 	3.58105E-05 	2.09726E-05 	8.51580E-06 	
1.39707E-04 	1.54241E-04 	1.57443E-04 	1.53874E-04 	1.45858E-04 	1.37972E-04 	1.25121E-04 	1.09666E-04 	9.45189E-05 	8.03698E-05 	6.58807E-05 	5.11197E-05 	3.56997E-05 	2.09884E-05 	8.15865E-06 	
1.44788E-04 	1.58904E-04 	1.60260E-04 	1.56739E-04 	1.50501E-04 	1.42544E-04 	1.29027E-04 	1.10695E-04 	9.81948E-05 	8.15933E-05 	6.68867E-05 	5.25454E-05 	3.77382E-05 	2.09893E-05 	8.23817E-06 	
1.48350E-04 	1.60217E-04 	1.64419E-04 	1.60579E-04 	1.52651E-04 	1.44542E-04 	1.32474E-04 	1.13169E-04 	1.00595E-04 	8.20165E-05 	6.76457E-05 	5.33270E-05 	3.60183E-05 	2.20197E-05 	8.26431E-06 	
1.47384E-04 	1.62465E-04 	1.65063E-04 	1.61285E-04 	1.53725E-04 	1.46800E-04 	1.34079E-04 	1.16747E-04 	9.81761E-05 	8.44893E-05 	6.71512E-05 	5.38301E-05 	3.73344E-05 	2.17931E-05 	7.96327E-06 	
1.48392E-04 	1.62466E-04 	1.65299E-04 	1.63541E-04 	1.55911E-04 	1.47240E-04 	1.35310E-04 	1.16363E-04 	1.01346E-04 	8.47492E-05 	6.90216E-05 	5.48230E-05 	3.68283E-05 	2.11070E-05 	8.31097E-06 	
1.44801E-04 	1.58258E-04 	1.63003E-04 	1.57782E-04 	1.51447E-04 	1.44140E-04 	1.30763E-04 	1.13551E-04 	9.79627E-05 	8.17386E-05 	6.55094E-05 	5.30735E-05 	3.58161E-05 	2.12029E-05 	7.70368E-06 	
1.38679E-04 	1.49954E-04 	1.51279E-04 	1.49754E-04 	1.41361E-04 	1.37414E-04 	1.23915E-04 	1.07800E-04 	9.42845E-05 	7.82294E-05 	6.28695E-05 	4.88758E-05 	3.38438E-05 	1.97615E-05 	7.45884E-06 	
1.44498E-04 	1.53497E-04 	1.60111E-04 	1.58657E-04 	1.49837E-04 	1.43131E-04 	1.32224E-04 	1.12782E-04 	9.87000E-05 	8.26993E-05 	6.41606E-05 	5.09599E-05 	3.47351E-05 	2.05274E-05 	7.33947E-06 	
1.51095E-04 	1.61797E-04 	1.66620E-04 	1.60963E-04 	1.57520E-04 	1.50880E-04 	1.34049E-04 	1.19338E-04 	1.02020E-04 	8.45851E-05 	6.76666E-05 	5.19698E-05 	3.67007E-05 	2.11022E-05 	8.04464E-06 	
1.51310E-04 	1.64179E-04 	1.67210E-04 	1.67208E-04 	1.60363E-04 	1.52616E-04 	1.39221E-04 	1.21113E-04 	1.04893E-04 	8.82514E-05 	6.83499E-05 	5.38756E-05 	3.69383E-05 	2.09308E-05 	7.67393E-06 	
1.55822E-04 	1.68187E-04 	1.71178E-04 	1.69506E-04 	1.64154E-04 	1.54990E-04 	1.43614E-04 	1.23488E-04 	1.08151E-04 	9.01503E-05 	6.90982E-05 	5.43086E-05 	3.74425E-05 	2.18001E-05 	7.58014E-06 	
1.59345E-04 	1.65997E-04 	1.71663E-04 	1.70813E-04 	1.66717E-04 	1.58755E-04 	1.45078E-04 	1.28146E-04 	1.10182E-04 	9.21643E-05 	7.13349E-05 	5.44763E-05 	3.69925E-05 	2.16581E-05 	7.56695E-06 	
1.57987E-04 	1.69140E-04 	1.73888E-04 	1.69987E-04 	1.69273E-04 	1.58895E-04 	1.44054E-04 	1.28230E-04 	1.08369E-04 	9.18246E-05 	7.16565E-05 	5.40589E-05 	3.73401E-05 	2.17622E-05 	7.82729E-06 	
1.61716E-04 	1.68001E-04 	1.74688E-04 	1.73610E-04 	1.69986E-04 	1.59239E-04 	1.49488E-04 	1.29490E-04 	1.11684E-04 	9.43701E-05 	7.32611E-05 	5.50488E-05 	3.62107E-05 	2.30181E-05 	7.46723E-06 	
1.53829E-04 	1.62650E-04 	1.67736E-04 	1.67097E-04 	1.63096E-04 	1.55340E-04 	1.40276E-04 	1.26704E-04 	1.06797E-04 	8.87924E-05 	7.06223E-05 	5.22606E-05 	3.63864E-05 	2.11568E-05 	7.13606E-06 	
1.51241E-04 	1.56827E-04 	1.59784E-04 	1.61586E-04 	1.57520E-04 	1.50433E-04 	1.37731E-04 	1.21238E-04 	1.05192E-04 	8.55791E-05 	6.90444E-05 	4.96351E-05 	3.48529E-05 	2.02070E-05 	7.22083E-06 	
1.51649E-04 	1.57854E-04 	1.61816E-04 	1.62196E-04 	1.58118E-04 	1.52423E-04 	1.41176E-04 	1.23133E-04 	1.07353E-04 	8.73767E-05 	7.15262E-05 	5.13350E-05 	3.36745E-05 	2.08453E-05 	6.89568E-06 	
1.56850E-04 	1.65921E-04 	1.69369E-04 	1.71524E-04 	1.70326E-04 	1.62678E-04 	1.49211E-04 	1.32752E-04 	1.12859E-04 	9.38889E-05 	7.35166E-05 	5.40910E-05 	3.78036E-05 	2.14698E-05 	7.43829E-06 	
1.63875E-04 	1.67546E-04 	1.71496E-04 	1.71323E-04 	1.70820E-04 	1.64516E-04 	1.51638E-04 	1.34980E-04 	1.16152E-04 	9.43085E-05 	7.69966E-05 	5.42635E-05 	3.76329E-05 	2.16162E-05 	7.56666E-06 	
1.61672E-04 	1.70464E-04 	1.74178E-04 	1.73684E-04 	1.70543E-04 	1.68014E-04 	1.56633E-04 	1.36875E-04 	1.19273E-04 	9.74336E-05 	7.54339E-05 	5.65624E-05 	3.77970E-05 	2.15419E-05 	7.36430E-06 	
1.63094E-04 	1.72472E-04 	1.75658E-04 	1.75455E-04 	1.74077E-04 	1.66947E-04 	1.57912E-04 	1.39922E-04 	1.19704E-04 	9.78330E-05 	7.77655E-05 	5.55452E-05 	3.83890E-05 	2.12346E-05 	7.81648E-06 	
1.67249E-04 	1.70342E-04 	1.76244E-04 	1.77766E-04 	1.77552E-04 	1.69950E-04 	1.60513E-04 	1.42312E-04 	1.22752E-04 	1.01962E-04 	7.63360E-05 	5.91124E-05 	3.84255E-05 	2.19325E-05 	8.00299E-06 	
1.64688E-04 	1.69715E-04 	1.76004E-04 	1.77234E-04 	1.73556E-04 	1.70945E-04 	1.62115E-04 	1.42008E-04 	1.22610E-04 	1.03635E-04 	7.82098E-05 	5.80433E-05 	3.88487E-05 	2.14485E-05 	7.54452E-06 	
1.65552E-04 	1.70997E-04 	1.75060E-04 	1.77273E-04 	1.74284E-04 	1.71099E-04 	1.61443E-04 	1.44450E-04 	1.26413E-04 	1.02995E-04 	7.80051E-05 	5.82735E-05 	3.87239E-05 	2.19200E-05 	7.71686E-06 	
1.62327E-04 	1.67960E-04 	1.68519E-04 	1.70331E-04 	1.71512E-04 	1.68546E-04 	1.59994E-04 	1.41334E-04 	1.23331E-04 	1.03369E-04 	7.81976E-05 	5.80557E-05 	3.81927E-05 	2.17298E-05 	6.65512E-06 	
1.52377E-04 	1.57728E-04 	1.57414E-04 	1.59186E-04 	1.58630E-04 	1.58969E-04 	1.50071E-04 	1.34125E-04 	1.16648E-04 	9.69931E-05 	7.35524E-05 	5.51555E-05 	3.70682E-05 	2.01582E-05 	7.03137E-06 	
1.56871E-04 	1.60951E-04 	1.66778E-04 	1.66322E-04 	1.64667E-04 	1.62107E-04 	1.56654E-04 	1.42327E-04 	1.20679E-04 	1.00785E-04 	7.76587E-05 	5.72838E-05 	3.66707E-05 	2.11539E-05 	7.07185E-06 	
1.63349E-04 	1.68840E-04 	1.68348E-04 	1.67123E-04 	1.71437E-04 	1.71365E-04 	1.60589E-04 	1.47419E-04 	1.26567E-04 	1.05061E-04 	8.03033E-05 	5.93716E-05 	4.09505E-05 	2.11651E-05 	7.44855E-06 	
1.64496E-04 	1.71385E-04 	1.70808E-04 	1.72165E-04 	1.73449E-04 	1.69722E-04 	1.64151E-04 	1.53359E-04 	1.30577E-04 	1.09415E-04 	8.58270E-05 	6.00494E-05 	4.08459E-05 	2.17101E-05 	7.01403E-06 	
1.68947E-04 	1.70335E-04 	1.70048E-04 	1.70170E-04 	1.73123E-04 	1.73172E-04 	1.68326E-04 	1.54583E-04 	1.32291E-04 	1.09190E-04 	8.51311E-05 	6.02306E-05 	4.24259E-05 	2.20879E-05 	7.19695E-06 	
1.65616E-04 	1.70740E-04 	1.75009E-04 	1.71086E-04 	1.73154E-04 	1.75178E-04 	1.65877E-04 	1.54515E-04 	1.37231E-04 	1.13889E-04 	8.80551E-05 	6.25552E-05 	4.17229E-05 	2.27291E-05 	6.93138E-06 	
1.69544E-04 	1.71691E-04 	1.73437E-04 	1.72532E-04 	1.75912E-04 	1.74857E-04 	1.71327E-04 	1.58670E-04 	1.37714E-04 	1.11926E-04 	9.01892E-05 	6.31308E-05 	4.22592E-05 	2.25435E-05 	7.27918E-06 	
1.68110E-04 	1.72404E-04 	1.75707E-04 	1.70990E-04 	1.75052E-04 	1.72682E-04 	1.70851E-04 	1.60101E-04 	1.41534E-04 	1.17676E-04 	9.17985E-05 	6.60282E-05 	4.27869E-05 	2.33610E-05 	8.21106E-06 	
1.68712E-04 	1.71894E-04 	1.74855E-04 	1.71142E-04 	1.72675E-04 	1.74871E-04 	1.71617E-04 	1.60694E-04 	1.41405E-04 	1.15991E-04 	9.05895E-05 	6.51011E-05 	4.43574E-05 	2.40797E-05 	7.49189E-06 	
1.65231E-04 	1.66700E-04 	1.68897E-04 	1.68681E-04 	1.65601E-04 	1.69413E-04 	1.68370E-04 	1.58420E-04 	1.40390E-04 	1.17216E-04 	9.11148E-05 	6.58918E-05 	4.17083E-05 	2.32717E-05 	7.67476E-06 	
1.66195E-04 	1.65377E-04 	1.72380E-04 	1.70436E-04 	1.68335E-04 	1.66818E-04 	1.69390E-04 	1.59695E-04 	1.43355E-04 	1.21796E-04 	9.07514E-05 	6.74696E-05 	4.21656E-05 	2.47315E-05 	7.91891E-06 	
1.51204E-04 	1.53862E-04 	1.52672E-04 	1.56835E-04 	1.52281E-04 	1.55683E-04 	1.56765E-04 	1.45283E-04 	1.33564E-04 	1.10138E-04 	8.58226E-05 	6.31226E-05 	4.05038E-05 	2.24264E-05 	7.68013E-06 	
1.59541E-04 	1.54885E-04 	1.63018E-04 	1.59128E-04 	1.58416E-04 	1.61850E-04 	1.62668E-04 	1.54911E-04 	1.39169E-04 	1.17590E-04 	8.98965E-05 	6.79233E-05 	4.20375E-05 	2.28892E-05 	7.40010E-06 	
1.62609E-04 	1.64166E-04 	1.66332E-04 	1.67996E-04 	1.64726E-04 	1.67355E-04 	1.66005E-04 	1.61077E-04 	1.49260E-04 	1.23543E-04 	9.66052E-05 	6.79680E-05 	4.50491E-05 	2.43614E-05 	8.06503E-06 	
1.64380E-04 	1.63404E-04 	1.67155E-04 	1.63571E-04 	1.63386E-04 	1.63535E-04 	1.67897E-04 	1.63275E-04 	1.47945E-04 	1.26725E-04 	9.58407E-05 	7.18754E-05 	4.61051E-05 	2.59397E-05 	7.16297E-06 	
1.61542E-04 	1.62271E-04 	1.64974E-04 	1.69912E-04 	1.63411E-04 	1.66412E-04 	1.66229E-04 	1.63140E-04 	1.51540E-04 	1.29170E-04 	1.02317E-04 	7.00624E-05 	4.61331E-05 	2.46415E-05 	8.53499E-06 	
1.65752E-04 	1.64567E-04 	1.64016E-04 	1.66063E-04 	1.67846E-04 	1.63219E-04 	1.67335E-04 	1.64678E-04 	1.53904E-04 	1.30395E-04 	1.01265E-04 	7.34634E-05 	5.01039E-05 	2.60191E-05 	7.93679E-06 	
1.59579E-04 	1.62988E-04 	1.63230E-04 	1.66564E-04 	1.62114E-04 	1.67040E-04 	1.65180E-04 	1.63884E-04 	1.54574E-04 	1.36024E-04 	1.08256E-04 	7.33028E-05 	4.70224E-05 	2.58331E-05 	8.62934E-06 	
1.63171E-04 	1.64133E-04 	1.61784E-04 	1.64991E-04 	1.67991E-04 	1.60791E-04 	1.66546E-04 	1.64868E-04 	1.55659E-04 	1.36699E-04 	1.08072E-04 	7.87041E-05 	4.91413E-05 	2.72948E-05 	8.73065E-06 	
1.60834E-04 	1.64638E-04 	1.61916E-04 	1.65788E-04 	1.60461E-04 	1.65835E-04 	1.64398E-04 	1.64410E-04 	1.54722E-04 	1.39851E-04 	1.10807E-04 	7.61511E-05 	4.99913E-05 	2.74734E-05 	8.14915E-06 	
1.64202E-04 	1.63750E-04 	1.61064E-04 	1.63837E-04 	1.65087E-04 	1.61530E-04 	1.65149E-04 	1.65772E-04 	1.58391E-04 	1.39755E-04 	1.13744E-04 	8.11866E-05 	5.21694E-05 	2.79278E-05 	8.53239E-06 	
1.54321E-04 	1.54356E-04 	1.53710E-04 	1.55422E-04 	1.55581E-04 	1.58269E-04 	1.55244E-04 	1.58459E-04 	1.51158E-04 	1.38497E-04 	1.09068E-04 	7.92942E-05 	5.21708E-05 	2.84843E-05 	8.56334E-06 	
1.53985E-04 	1.52685E-04 	1.50904E-04 	1.54479E-04 	1.57088E-04 	1.53339E-04 	1.54730E-04 	1.57284E-04 	1.53100E-04 	1.38202E-04 	1.13073E-04 	8.40631E-05 	5.23287E-05 	2.85173E-05 	8.51467E-06 	
1.47164E-04 	1.43213E-04 	1.41836E-04 	1.42913E-04 	1.41180E-04 	1.44186E-04 	1.43454E-04 	1.44697E-04 	1.40964E-04 	1.34391E-04 	1.06849E-04 	7.82057E-05 	5.12322E-05 	2.66559E-05 	9.24914E-06 	
1.50320E-04 	1.51532E-04 	1.49095E-04 	1.52444E-04 	1.48858E-04 	1.49745E-04 	1.51664E-04 	1.50839E-04 	1.52192E-04 	1.38324E-04 	1.13624E-04 	8.32828E-05 	5.30741E-05 	2.82055E-05 	9.38189E-06 	
1.51548E-04 	1.50332E-04 	1.50760E-04 	1.51121E-04 	1.53703E-04 	1.53443E-04 	1.52182E-04 	1.55174E-04 	1.52147E-04 	1.41894E-04 	1.17776E-04 	8.71376E-05 	5.55054E-05 	2.95349E-05 	9.78074E-06 	
1.51634E-04 	1.49516E-04 	1.50663E-04 	1.45825E-04 	1.48132E-04 	1.51608E-04 	1.46659E-04 	1.50792E-04 	1.51309E-04 	1.48289E-04 	1.24858E-04 	8.77961E-05 	5.68194E-05 	3.07091E-05 	9.27647E-06 	
1.50989E-04 	1.49211E-04 	1.47561E-04 	1.47880E-04 	1.53400E-04 	1.49632E-04 	1.53035E-04 	1.50335E-04 	1.51005E-04 	1.41813E-04 	1.22537E-04 	9.28884E-05 	6.05378E-05 	3.15099E-05 	8.86532E-06 	
1.47433E-04 	1.47125E-04 	1.50741E-04 	1.44271E-04 	1.48769E-04 	1.47202E-04 	1.48162E-04 	1.47105E-04 	1.49880E-04 	1.42731E-04 	1.31039E-04 	9.29960E-05 	6.13269E-05 	3.32066E-05 	1.08485E-05 	
1.45874E-04 	1.49225E-04 	1.46051E-04 	1.43267E-04 	1.48309E-04 	1.44994E-04 	1.48680E-04 	1.46175E-04 	1.49701E-04 	1.48117E-04 	1.26530E-04 	9.60124E-05 	6.44304E-05 	3.36350E-05 	9.33960E-06 	
1.45664E-04 	1.42181E-04 	1.45918E-04 	1.41615E-04 	1.44117E-04 	1.43030E-04 	1.44023E-04 	1.43705E-04 	1.46572E-04 	1.42643E-04 	1.31183E-04 	1.00735E-04 	6.56992E-05 	3.44023E-05 	1.08081E-05 	
1.41368E-04 	1.43869E-04 	1.43574E-04 	1.42290E-04 	1.43822E-04 	1.43581E-04 	1.44758E-04 	1.43898E-04 	1.45619E-04 	1.45533E-04 	1.32599E-04 	1.01236E-04 	6.80138E-05 	3.54328E-05 	1.00546E-05 	
1.42553E-04 	1.44209E-04 	1.43039E-04 	1.40394E-04 	1.38549E-04 	1.44707E-04 	1.42898E-04 	1.42174E-04 	1.41889E-04 	1.42342E-04 	1.31539E-04 	1.05600E-04 	7.03317E-05 	3.63817E-05 	1.14113E-05 	
1.35287E-04 	1.37270E-04 	1.40204E-04 	1.41116E-04 	1.34431E-04 	1.34880E-04 	1.35437E-04 	1.39321E-04 	1.38618E-04 	1.39783E-04 	1.31259E-04 	1.04977E-04 	6.90655E-05 	3.96740E-05 	1.06335E-05 	
1.32199E-04 	1.35030E-04 	1.31837E-04 	1.33915E-04 	1.30660E-04 	1.34285E-04 	1.31545E-04 	1.32953E-04 	1.35387E-04 	1.32406E-04 	1.30815E-04 	1.06836E-04 	7.15461E-05 	3.72129E-05 	1.16809E-05 	
1.28574E-04 	1.30931E-04 	1.28922E-04 	1.26768E-04 	1.25970E-04 	1.30956E-04 	1.25756E-04 	1.28318E-04 	1.25444E-04 	1.30924E-04 	1.25967E-04 	1.04626E-04 	6.92899E-05 	3.98098E-05 	1.16701E-05 	
1.19483E-04 	1.20048E-04 	1.20655E-04 	1.21327E-04 	1.21201E-04 	1.15166E-04 	1.22356E-04 	1.20244E-04 	1.21987E-04 	1.18293E-04 	1.23295E-04 	1.01209E-04 	7.11894E-05 	3.70564E-05 	1.17795E-05 	
1.21544E-04 	1.25303E-04 	1.22975E-04 	1.22379E-04 	1.24724E-04 	1.23285E-04 	1.23713E-04 	1.23323E-04 	1.23337E-04 	1.26080E-04 	1.23719E-04 	1.07893E-04 	7.48388E-05 	4.16967E-05 	1.22731E-05 	
1.25589E-04 	1.24114E-04 	1.21934E-04 	1.27053E-04 	1.20216E-04 	1.19286E-04 	1.24526E-04 	1.23394E-04 	1.22624E-04 	1.24303E-04 	1.26279E-04 	1.11325E-04 	7.94245E-05 	4.17978E-05 	1.22177E-05 	
1.18698E-04 	1.19540E-04 	1.23120E-04 	1.19749E-04 	1.17180E-04 	1.18439E-04 	1.25007E-04 	1.17391E-04 	1.19861E-04 	1.23391E-04 	1.23157E-04 	1.15229E-04 	8.04632E-05 	4.35377E-05 	1.40014E-05 	
1.20603E-04 	1.18460E-04 	1.21056E-04 	1.17658E-04 	1.17562E-04 	1.15486E-04 	1.14084E-04 	1.17372E-04 	1.18798E-04 	1.16401E-04 	1.20330E-04 	1.12376E-04 	8.30504E-05 	4.58742E-05 	1.38140E-05 	
1.15973E-04 	1.14035E-04 	1.15335E-04 	1.14322E-04 	1.15146E-04 	1.14058E-04 	1.17792E-04 	1.14237E-04 	1.15727E-04 	1.17101E-04 	1.14388E-04 	1.17813E-04 	8.38923E-05 	4.84023E-05 	1.55910E-05 	
1.09931E-04 	1.10138E-04 	1.12969E-04 	1.11220E-04 	1.09683E-04 	1.08901E-04 	1.06365E-04 	1.11149E-04 	1.10269E-04 	1.08401E-04 	1.10778E-04 	1.10093E-04 	9.03181E-05 	4.93495E-05 	1.50467E-05 	
1.09054E-04 	1.10413E-04 	1.07355E-04 	1.06341E-04 	1.07652E-04 	1.07284E-04 	1.06596E-04 	1.08509E-04 	1.05300E-04 	1.06325E-04 	1.07997E-04 	1.10160E-04 	8.55862E-05 	4.92650E-05 	1.63312E-05 	
1.03890E-04 	1.03208E-04 	1.05624E-04 	1.02778E-04 	1.05548E-04 	1.04012E-04 	1.00775E-04 	1.05526E-04 	1.02831E-04 	1.06506E-04 	1.03278E-04 	1.07676E-04 	9.19326E-05 	5.29515E-05 	1.59533E-05 	
9.91487E-05 	9.77543E-05 	9.95451E-05 	1.02798E-04 	9.64717E-05 	9.73954E-05 	9.71901E-05 	9.91254E-05 	9.75508E-05 	9.74398E-05 	1.00632E-04 	9.87961E-05 	9.24981E-05 	5.63704E-05 	1.68366E-05 	
9.71517E-05 	9.62551E-05 	9.43434E-05 	9.68801E-05 	9.51515E-05 	9.65684E-05 	9.32364E-05 	9.62306E-05 	9.44485E-05 	9.76710E-05 	9.49971E-05 	9.89223E-05 	9.51080E-05 	5.52303E-05 	1.70680E-05 	
8.59104E-05 	8.98346E-05 	9.06308E-05 	9.05949E-05 	9.06210E-05 	9.03421E-05 	8.78266E-05 	8.83989E-05 	9.15239E-05 	8.60999E-05 	8.88293E-05 	9.08062E-05 	8.90735E-05 	5.67818E-05 	1.65458E-05 	
8.17741E-05 	8.53073E-05 	8.45663E-05 	8.52651E-05 	8.21725E-05 	8.44904E-05 	8.29049E-05 	8.29228E-05 	8.58953E-05 	8.36425E-05 	8.23515E-05 	8.31138E-05 	8.47352E-05 	6.09020E-05 	1.92637E-05 	
7.71859E-05 	7.83473E-05 	8.01657E-05 	7.65971E-05 	8.05405E-05 	7.93535E-05 	7.79963E-05 	7.80109E-05 	7.87272E-05 	7.78510E-05 	7.96724E-05 	7.84151E-05 	7.88082E-05 	6.12191E-05 	1.89950E-05 	
6.78478E-05 	6.96565E-05 	6.92604E-05 	6.92186E-05 	7.27325E-05 	6.91117E-05 	7.14524E-05 	6.82205E-05 	7.19507E-05 	6.81509E-05 	6.81332E-05 	6.96356E-05 	7.12028E-05 	5.77152E-05 	2.01520E-05 	
6.40379E-05 	6.88312E-05 	6.74525E-05 	6.58895E-05 	6.90866E-05 	6.61421E-05 	6.64460E-05 	6.50902E-05 	6.78229E-05 	6.91549E-05 	6.75116E-05 	6.68818E-05 	6.93487E-05 	5.97261E-05 	1.90299E-05 	
6.23605E-05 	6.20702E-05 	6.51307E-05 	6.46650E-05 	6.28256E-05 	6.32288E-05 	6.31048E-05 	6.19212E-05 	6.35316E-05 	6.33724E-05 	6.37953E-05 	6.34332E-05 	6.46251E-05 	5.99218E-05 	2.30240E-05 	
5.55817E-05 	5.56893E-05 	5.83239E-05 	5.65546E-05 	5.92965E-05 	5.91940E-05 	5.73872E-05 	5.55040E-05 	5.73501E-05 	5.49123E-05 	5.72325E-05 	5.64533E-05 	5.68505E-05 	5.51607E-05 	2.53500E-05 	
4.67525E-05 	4.73010E-05 	4.87482E-05 	4.76570E-05 	4.90976E-05 	4.97089E-05 	4.92952E-05 	4.79526E-05 	4.89565E-05 	5.12733E-05 	4.95908E-05 	5.05348E-05 	5.00935E-05 	5.10934E-05 	2.27875E-05 	
3.98738E-05 	3.91159E-05 	4.15955E-05 	4.18192E-05 	3.94758E-05 	4.08112E-05 	3.89421E-05 	4.16987E-05 	4.26067E-05 	4.00873E-05 	4.02392E-05 	3.92911E-05 	4.19419E-05 	4.15359E-05 	2.57412E-05 	
2.86885E-05 	3.07923E-05 	2.92587E-05 	3.04520E-05 	3.09466E-05 	3.19177E-05 	3.09650E-05 	2.96414E-05 	2.91855E-05 	3.23733E-05 	3.04675E-05 	3.11626E-05 	2.92666E-05 	3.15852E-05 	2.10266E-05 	
2.61544E-05 	2.67476E-05 	2.50556E-05 	2.56961E-05 	2.62648E-05 	2.53071E-05 	2.67969E-05 	2.66899E-05 	2.72073E-05 	2.67258E-05 	2.64172E-05 	2.66707E-05 	2.63317E-05 	2.61781E-05 	2.24278E-05 	
9.23215E-06 	7.84573E-06 	7.76924E-06 	8.70334E-06 	8.10823E-06 	8.17171E-06 	8.60720E-06 	7.30943E-06 	8.09747E-06 	8.89730E-06 	8.94271E-06 	8.80967E-06 	8.01547E-06 	8.38347E-06 	7.68695E-06 	
4.01227E-07 	3.24646E-07 	5.74594E-07 	2.16952E-07 	3.91771E-07 	7.15539E-07 	4.84027E-07 	3.65152E-07 	3.68804E-07 	2.98789E-07 	3.75242E-07 	2.34849E-07 	2.75060E-08 	4.45370E-08 	0.00000E+00 	
4.11604E-07 	2.82592E-07 	4.92646E-07 	4.66697E-07 	3.85423E-07 	3.64949E-07 	7.82058E-07 	4.23652E-07 	5.65544E-07 	3.34325E-07 	5.50669E-07 	1.87200E-07 	6.50833E-08 	0.00000E+00 	0.00000E+00 	
4.19583E-07 	3.85598E-07 	4.97874E-07 	3.25611E-07 	2.86497E-07 	5.95550E-07 	4.83782E-07 	3.77721E-07 	3.71873E-07 	3.77173E-07 	4.38134E-07 	3.12315E-07 	8.08030E-08 	0.00000E+00 	0.00000E+00 	
3.24019E-07 	4.37107E-07 	4.74883E-07 	4.44883E-07 	4.43951E-07 	5.92526E-07 	7.24718E-07 	3.49327E-07 	7.34355E-07 	3.03353E-07 	1.47138E-07 	3.16311E-07 	1.51949E-07 	4.53663E-08 	0.00000E+00 	
4.31139E-07 	4.60401E-07 	4.09808E-07 	2.78235E-07 	4.13691E-07 	3.80707E-07 	3.77919E-07 	2.82607E-07 	5.22882E-07 	4.90030E-07 	3.30628E-07 	5.55037E-07 	9.09230E-08 	0.00000E+00 	0.00000E+00 	
1.45249E-07 	4.63628E-07 	4.39584E-07 	4.58629E-07 	4.23096E-07 	5.77364E-07 	4.49197E-07 	6.11609E-07 	3.68198E-07 	3.15706E-07 	3.26747E-07 	4.22004E-07 	9.68418E-08 	0.00000E+00 	0.00000E+00 	
2.35377E-07 	5.55915E-07 	1.57519E-07 	7.05056E-07 	2.29774E-07 	4.15382E-07 	5.58077E-07 	4.84694E-07 	5.52055E-07 	5.66991E-07 	6.81552E-07 	2.43383E-07 	1.73662E-07 	0.00000E+00 	3.39216E-08 	
3.83398E-07 	6.03976E-07 	4.73772E-07 	5.56030E-07 	3.31913E-07 	3.58465E-07 	4.54820E-07 	3.70050E-07 	5.22255E-07 	3.88363E-07 	1.81059E-07 	5.13361E-07 	2.45541E-07 	9.24475E-10 	0.00000E+00 	
3.47369E-07 	2.76891E-07 	2.81106E-07 	5.00193E-07 	4.79931E-07 	4.26083E-07 	4.98912E-07 	5.51859E-07 	2.08664E-07 	6.61933E-07 	3.99505E-07 	3.32458E-07 	3.04706E-07 	0.00000E+00 	0.00000E+00 	
4.49559E-07 	2.98263E-07 	3.05354E-07 	4.00752E-07 	2.54013E-07 	3.05930E-07 	8.02253E-07 	4.22365E-07 	3.81813E-07 	4.71563E-07 	6.11859E-07 	2.15217E-07 	3.45469E-07 	4.94213E-08 	0.00000E+00 	
4.88375E-07 	5.04881E-07 	5.57335E-07 	8.07951E-07 	5.15233E-07 	3.54188E-07 	5.40974E-07 	6.57390E-07 	3.62181E-07 	4.52564E-07 	3.91803E-07 	4.88559E-07 	4.15528E-07 	8.06660E-08 	0.00000E+00 	
5.16651E-07 	2.11180E-07 	3.71137E-07 	3.94992E-07 	5.83848E-07 	4.28989E-07 	4.21270E-07 	5.20015E-07 	4.06234E-07 	5.34647E-07 	5.99597E-07 	5.12706E-07 	1.50232E-07 	3.95946E-08 	0.00000E+00 	
4.96751E-07 	5.70864E-07 	5.16083E-07 	4.77855E-07 	4.68728E-07 	4.11308E-07 	4.77856E-07 	7.44821E-07 	6.79754E-07 	4.53056E-07 	5.08241E-07 	3.31206E-07 	4.04973E-07 	1.42596E-07 	0.00000E+00 	
4.52775E-07 	3.89177E-07 	3.10887E-07 	4.63735E-07 	6.54151E-07 	4.15017E-07 	4.07139E-07 	5.54547E-07 	4.96514E-07 	2.67387E-07 	3.57009E-07 	3.41715E-07 	7.12932E-07 	1.64169E-07 	0.00000E+00 	
6.96257E-07 	3.24461E-07 	3.59698E-07 	4.33214E-07 	4.33939E-07 	2.55514E-07 	3.51127E-07 	6.23777E-07 	3.80812E-07 	6.68974E-07 	6.55636E-07 	5.10885E-07 	3.76429E-07 	2.05249E-07 	0.00000E+00 	
3.28888E-07 	6.10694E-07 	3.16129E-07 	4.49441E-07 	4.26883E-07 	5.77190E-07 	3.08848E-07 	9.24878E-07 	6.11076E-07 	3.62118E-07 	4.18367E-07 	7.73731E-07 	2.84239E-07 	2.11847E-07 	0.00000E+00 	
4.61039E-07 	5.75566E-07 	6.79012E-08 	4.11288E-07 	6.60444E-07 	4.87504E-07 	2.16471E-07 	2.58242E-07 	6.71687E-07 	4.80317E-07 	4.64753E-07 	4.78716E-07 	4.79666E-07 	5.16570E-07 	5.19477E-08 	
5.47689E-07 	7.19095E-07 	5.87497E-07 	5.10723E-07 	5.19371E-07 	3.02301E-07 	4.74190E-07 	5.15302E-07 	7.59335E-07 	7.62737E-07 	5.97485E-07 	4.91034E-07 	5.69589E-07 	9.70062E-08 	8.36477E-09 	
4.66414E-07 	6.20742E-07 	2.39891E-07 	5.98072E-07 	6.87011E-07 	4.37340E-07 	2.78161E-07 	5.67208E-07 	6.72627E-07 	3.56974E-07 	6.86040E-07 	6.22720E-07 	5.80806E-07 	7.57664E-07 	6.81771E-08 	
6.61472E-07 	5.02600E-07 	5.86510E-07 	3.41933E-07 	5.86129E-07 	5.74948E-07 	5.01503E-07 	5.50526E-07 	6.38052E-07 	5.13967E-07 	3.37698E-07 	4.59889E-07 	5.28114E-07 	5.29950E-07 	1.27650E-07 	
2.68333E-07 	3.22238E-07 	3.22284E-07 	2.15004E-07 	4.83305E-07 	2.57348E-07 	3.75631E-07 	2.68375E-07 	5.60483E-07 	2.14731E-07 	3.75955E-07 	3.22106E-07 	2.14805E-07 	1.07030E-07 	0.00000E+00 	
1.43835E-06 	1.46644E-06 	1.56318E-06 	9.21137E-07 	1.41219E-06 	1.72314E-06 	9.87079E-07 	7.35430E-07 	1.78688E-06 	1.74502E-06 	1.29691E-06 	1.35875E-06 	1.47357E-06 	1.55249E-06 	1.08191E-06 	
