   0.0000000000000000        0.0000000000000000     
   10.000000000000000        0.0000000000000000     
   20.000000000000000        0.0000000000000000     
   30.000000000000000        0.0000000000000000     
   40.000000000000000        0.0000000000000000     
   50.000000000000000        0.0000000000000000     
   60.000000000000000        0.0000000000000000     
   70.000000000000000        0.0000000000000000     
   80.000000000000000        0.0000000000000000     
   90.000000000000000        0.0000000000000000     
   100.00000000000000        0.0000000000000000     
   110.00000000000000        0.0000000000000000     
   120.00000000000000        0.0000000000000000     
   130.00000000000000        4.1323651368607507E-005
   140.00000000000000        2.4354805024625511E-004
   150.00000000000000        5.8540987817721146E-004
   160.00000000000000        1.0419615130404551E-003
   170.00000000000000        1.5940561765639834E-003
   180.00000000000000        2.2267553815236095E-003
   190.00000000000000        2.9282307664026119E-003
   200.00000000000000        3.6889921263595117E-003
   210.00000000000000        4.5013336588665400E-003
   220.00000000000000        5.3589280456179484E-003
   230.00000000000000        6.2565296121489819E-003
   240.00000000000000        7.1897454822430649E-003
   250.00000000000000        8.1548673257111140E-003
   260.00000000000000        9.1487375305498685E-003
   270.00000000000000        1.0168649270713802E-002
   280.00000000000000        1.1212263762065336E-002
   290.00000000000000        1.2277546687789728E-002
   300.00000000000000        1.3362718673639721E-002
   310.00000000000000        1.4466213892935127E-002
   320.00000000000000        1.5586646189895262E-002
   330.00000000000000        1.6722781944989804E-002
   340.00000000000000        1.7873518959727025E-002
   350.00000000000000        1.9037866875883144E-002
   360.00000000000000        2.0214933018331882E-002
   370.00000000000000        2.1403907191300663E-002
   380.00000000000000        2.2604054967888660E-002
   390.00000000000000        2.3814702988900486E-002
   400.00000000000000        2.5035236870621071E-002
   410.00000000000000        2.6265093657390309E-002
   420.00000000000000        2.7503750761534260E-002
   430.00000000000000        2.8750726200663830E-002
   440.00000000000000        3.0005577318914452E-002
   450.00000000000000        3.1267887291330995E-002
   460.00000000000000        3.2537271940940624E-002
   470.00000000000000        3.3813371248422097E-002
   480.00000000000000        3.5095849151245750E-002
   490.00000000000000        3.6384390372762268E-002
   500.00000000000000        3.7678697401559130E-002
   510.00000000000000        3.8978494020703108E-002
   520.00000000000000        4.0283517954533943E-002
   530.00000000000000        4.1593521378058190E-002
   540.00000000000000        4.2908268860263658E-002
   550.00000000000000        4.4227542982081230E-002
   560.00000000000000        4.5551133968816708E-002
   570.00000000000000        4.6878844437919918E-002
   580.00000000000000        4.8210479076541322E-002
   590.00000000000000        4.9545871638198638E-002
   600.00000000000000        5.0884839644044583E-002
   610.00000000000000        5.2227227313394332E-002
   620.00000000000000        5.3572879345734084E-002
   630.00000000000000        5.4921647925344395E-002
   640.00000000000000        5.6273392471368804E-002
   650.00000000000000        5.7627983018300889E-002
   660.00000000000000        5.8985282748940986E-002
   670.00000000000000        6.0345175258519415E-002
   680.00000000000000        6.1707538278975217E-002
   690.00000000000000        6.3072264256943900E-002
   700.00000000000000        6.4439245803216402E-002
   710.00000000000000        6.5808376843230473E-002
   720.00000000000000        6.7179553056277874E-002
   730.00000000000000        6.8552686551615505E-002
   740.00000000000000        6.9927686551927548E-002
   750.00000000000000        7.1304462787039516E-002
   760.00000000000000        7.2682925227119999E-002
   770.00000000000000        7.4062999417188496E-002
   780.00000000000000        7.5444603786781805E-002
   790.00000000000000        7.6827668536978880E-002
   800.00000000000000        7.8212117547445101E-002
   810.00000000000000        7.9597880588591283E-002
   820.00000000000000        8.0984892213922924E-002
   830.00000000000000        8.2373085193532716E-002
   840.00000000000000        8.3762400967613004E-002
   850.00000000000000        8.5152776705021804E-002
   860.00000000000000        8.6544157195932017E-002
   870.00000000000000        8.7936480955249197E-002
   880.00000000000000        8.9329700729036135E-002
   890.00000000000000        9.0723757879705991E-002
   900.00000000000000        9.2118611914900700E-002
   910.00000000000000        9.3514194732663689E-002
   920.00000000000000        9.4910489831959016E-002
   930.00000000000000        9.6307428108445045E-002
   940.00000000000000        9.7704971796568910E-002
   950.00000000000000        9.9103083233397296E-002
   960.00000000000000       0.10050171843363075     
   970.00000000000000       0.10190083354172692     
   980.00000000000000       0.10330039596670952     
   990.00000000000000       0.10470036654379206     
   1000.0000000000000       0.10610071206419010     
   1010.0000000000000       0.10750140306344597     
   1020.0000000000000       0.10890239392761970     
   1030.0000000000000       0.11030365542283931     
   1040.0000000000000       0.11170516116831794     
   1050.0000000000000       0.11310688105845454     
   1060.0000000000000       0.11450878437458793     
   1070.0000000000000       0.11591083618946799     
   1080.0000000000000       0.11731302276752935     
   1090.0000000000000       0.11871530881522677     
   1100.0000000000000       0.12359757450782748     
   1110.0000000000000       0.14623789445688368     
   1120.0000000000000       0.16249435809115728     
   1130.0000000000000       0.18642317946332893     
   1140.0000000000000       0.21101385128118677     
   1150.0000000000000       0.22179861836627340     
   1160.0000000000000       0.24030065061247119     
   1170.0000000000000       0.26676135248556537     
   1180.0000000000000       0.27894507079332514     
   1190.0000000000000       0.30665494214041739     
   1200.0000000000000       0.32742590524996451     
   1210.0000000000000       0.34104132336612841     
   1220.0000000000000       0.37062310688835376     
   1230.0000000000000       0.39305150902574693     
   1240.0000000000000       0.40812718376085932     
   1250.0000000000000       0.43160228839643511     
   1260.0000000000000       0.46366525922492918     
   1270.0000000000000       0.48022504598860716     
   1280.0000000000000       0.50537284105478752     
   1290.0000000000000       0.52281925138459018     
   1300.0000000000000       0.54902888290636087     
   1310.0000000000000       0.56737368323854642     
   1320.0000000000000       0.60312338451323000     
   1330.0000000000000       0.63100631534929208     
   1340.0000000000000       0.65088310830470419     
   1350.0000000000000       0.67983483717405313     
   1360.0000000000000       0.70063286879078468     
   1370.0000000000000       0.73065624728409118     
   1380.0000000000000       0.75238449248942540     
   1390.0000000000000       0.78348114308541339     
   1400.0000000000000       0.80614782129665130     
   1410.0000000000000       0.83831847137585991     
   1420.0000000000000       0.86193027810163136     
   1430.0000000000000       0.87668540779483517     
   1440.0000000000000       0.91043370284235003     
   1450.0000000000000       0.93533035390595221     
   1460.0000000000000       0.97015682423902772     
   1470.0000000000000       0.99601728863024430     
   1480.0000000000000        1.0319192765493286     
   1490.0000000000000        1.0587477652247013     
   1500.0000000000000        1.0957210948776568     
   1510.0000000000000        1.1137284892427648     
   1520.0000000000000        1.1418844665545600     
   1530.0000000000000        1.1804554484852825     
   1540.0000000000000        1.2095922496904172     
   1550.0000000000000        1.2290379675836034     
   1560.0000000000000        1.2692150464049505     
   1570.0000000000000        1.2997047114657332     
   1580.0000000000000        1.3409431473982267     
   1590.0000000000000        1.3620477926457979     
   1600.0000000000000        1.3939047929989656     
   1610.0000000000000        1.4367501355932253     
   1620.0000000000000        1.4696026803719640     
   1630.0000000000000        1.4922359450141685     
   1640.0000000000000        1.5366894979022485     
   1650.0000000000000        1.5709272645392012     
   1660.0000000000000        1.5947341850703873     
   1670.0000000000000        1.6407960960286474     
   1680.0000000000000        1.6764299231049473     
   1690.0000000000000        1.7014331432687850     
   1700.0000000000000        1.7491011208490483     
   1710.0000000000000        1.7749138430115696     
   1720.0000000000000        1.8123616075306617     
   1730.0000000000000        1.8616296843610391     
   1740.0000000000000        1.8886757405433352     
   1750.0000000000000        1.9275438358858654     
   1760.0000000000000        1.9552486076828686     
   1770.0000000000000        2.0067047571348589     
   1780.0000000000000        2.0469992149168044     
   1790.0000000000000        2.0759710915779275     
   1800.0000000000000        2.1290181218349447     
   1810.0000000000000        2.1588464706933292     
   1820.0000000000000        2.2010023277551438     
   1830.0000000000000        2.2315203851156551     
   1840.0000000000000        2.2867554864878326     
   1850.0000000000000        2.3181468538262471     
   1860.0000000000000        2.3621840121492585     
   1870.0000000000000        2.3942817219784605     
   1880.0000000000000        2.4517046870414396     
   1890.0000000000000        2.4846926315805717     
   1900.0000000000000        2.5306256405161647     
   1910.0000000000000        2.5643369114230392     
   1920.0000000000000        2.6239438937761723     
   1930.0000000000000        2.6585617753880331     
   1940.0000000000000        2.7064032872870909     
   1950.0000000000000        2.7417602426931729     
   1960.0000000000000        2.8035429930808569     
   1970.0000000000000        2.8398213548432336     
   1980.0000000000000        2.8895836795124015     
   1990.0000000000000        2.9266168083368265     
   2000.0000000000000        2.9905657311821847     
   2010.0000000000000        3.0285348680425583     
   2020.0000000000000        3.0668025079423757     
   2030.0000000000000        3.1189667200165512     
   2040.0000000000000        3.1580060103951499     
   2050.0000000000000        3.2247571171324694     
   2060.0000000000000        3.2647523258543898     
   2070.0000000000000        3.3188589809503477     
   2080.0000000000000        3.3596420989208839     
   2090.0000000000000        3.4007348669836084     
   2100.0000000000000        3.4702836663277323     
   2110.0000000000000        3.5123498016738042     
   2120.0000000000000        3.5688904870478568     
   2130.0000000000000        3.6117625635751520     
   2140.0000000000000        3.6549531103980577     
   2150.0000000000000        3.7272918240883657     
   2160.0000000000000        3.7714708666240360     
   2170.0000000000000        3.8304638148017043     
   2180.0000000000000        3.8754672038688582     
   2190.0000000000000        3.9207976536205376     
   2200.0000000000000        3.9959125087628475     
   2210.0000000000000        4.0422493208258405     
   2220.0000000000000        4.0889178823958856     
   2230.0000000000000        4.1508833335968074     
   2240.0000000000000        4.1983948861397078     
   2250.0000000000000        4.2462431758006192     
   2260.0000000000000        4.3248015184066100     
   2270.0000000000000        4.3736778826028937     
   2280.0000000000000        4.4228946262373530     
   2290.0000000000000        4.4878578824919950     
   2300.0000000000000        4.5379373023692393     
   2310.0000000000000        4.5883637687463450     
   2320.0000000000000        4.6703565399137901     
   2330.0000000000000        4.7218302387593178     
   2340.0000000000000        4.7736516268290181     
   2350.0000000000000        4.8416367808960166     
   2360.0000000000000        4.8943411977950237     
   2370.0000000000000        4.9474009673036496     
   2380.0000000000000        5.0328142450271791     
   2390.0000000000000        5.0869386001319032     
   2400.0000000000000        5.1414229812965102     
   2410.0000000000000        5.1962689513660312     
   2420.0000000000000        5.2678325104830872     
   2430.0000000000000        5.3235816742054016     
   2440.0000000000000        5.3796959108949878     
   2450.0000000000000        5.4692221894318696     
   2460.0000000000000        5.5264227262790548     
   2470.0000000000000        5.5839948619260360     
   2480.0000000000000        5.6586204584690938     
   2490.0000000000000        5.7171111440869753     
   2500.0000000000000        5.7759794919565444     
   2510.0000000000000        5.8352238083260524     
   2520.0000000000000        5.9288492155171300     
   2530.0000000000000        5.9891993682913229     
   2540.0000000000000        6.0499310007386846     
   2550.0000000000000        6.1110450147271411     
   2560.0000000000000        6.1898559008415495     
   2570.0000000000000        6.2519126604875854     
   2580.0000000000000        6.3143545446106826     
   2590.0000000000000        6.3771884526562355     
   2600.0000000000000        6.4756309791514859     
   2610.0000000000000        6.5395915729967626     
   2620.0000000000000        6.6039469032383726     
   2630.0000000000000        6.6686930612557562     
   2640.0000000000000        6.7517323003332024     
   2650.0000000000000        6.8174452189469594     
   2660.0000000000000        6.8835576519319517     
   2670.0000000000000        6.9500663579970272     
   2680.0000000000000        7.0533136903094356     
   2690.0000000000000        7.1209753627602872     
   2700.0000000000000        7.1890422667003246     
   2710.0000000000000        7.2575129793852051     
   2720.0000000000000        7.3448147269548478     
   2730.0000000000000        7.4142748487576773     
   2740.0000000000000        7.4841425213911723     
   2750.0000000000000        7.5544189512617770     
   2760.0000000000000        7.6624435633371730     
   2770.0000000000000        7.7338985502741293     
   2780.0000000000000        7.8057635228447664     
   2790.0000000000000        7.8780453157277455     
   2800.0000000000000        7.9507460997791934     
   2810.0000000000000        8.0429293217074118     
   2820.0000000000000        8.1166410063965913     
   2830.0000000000000        8.1907716771093391     
   2840.0000000000000        8.2653293624854349     
   2850.0000000000000        8.3403047246026816     
   2860.0000000000000        8.4546174393110523     
   2870.0000000000000        8.5307924903682810     
   2880.0000000000000        8.6074026909826333     
   2890.0000000000000        8.6844317292568878     
   2900.0000000000000        8.7619022070725201     
   2910.0000000000000        8.8596169020126183     
   2920.0000000000000        8.9381218053359568     
   2930.0000000000000        9.0170594575232226     
   2940.0000000000000        9.0964362786241733     
   2950.0000000000000        9.1762454299373317     
   2960.0000000000000        9.2968322954363742     
   2970.0000000000000        9.3778649672644878     
   2980.0000000000000        9.4593434622592287     
   2990.0000000000000        9.5412620816727944     
   3000.0000000000000        9.6236241439081862     
   3010.0000000000000        9.7269309403759578     
   3020.0000000000000        9.8103571489415735     
   3030.0000000000000        9.8942299487031882     
   3040.0000000000000        9.9785549762037924     
   3050.0000000000000        10.063320879125973     
   3060.0000000000000        10.190160124339521     
   3070.0000000000000        10.276184103980301     
   3080.0000000000000        10.362663539946350     
   3090.0000000000000        10.449584494432502     
   3100.0000000000000        10.536975533124764     
   3110.0000000000000        10.624823918072718     
   3120.0000000000000        10.734390959029783     
   3130.0000000000000        10.823326486395956     
   3140.0000000000000        10.912722030468892     
   3150.0000000000000        11.002582679221215     
   3160.0000000000000        11.092905706689979     
   3170.0000000000000        11.183692909724540     
   3180.0000000000000        11.318356251907300     
   3190.0000000000000        11.410421033014531     
   3200.0000000000000        11.502960046626528     
   3210.0000000000000        11.595966003279971     
   3220.0000000000000        11.689442303226814     
   3230.0000000000000        11.783388949364053     
   3240.0000000000000        11.899931867802586     
   3250.0000000000000        11.995001230474667     
   3260.0000000000000        12.090548941032072     
   3270.0000000000000        12.186572994438212     
   3280.0000000000000        12.283072444622597     
   3290.0000000000000        12.380045407995894     
   3300.0000000000000        12.522524858071339     
   3310.0000000000000        12.620814886060673     
   3320.0000000000000        12.719591779442190     
   3330.0000000000000        12.818850483920976     
   3340.0000000000000        12.918590625699196     
   3350.0000000000000        13.018810901332762     
   3360.0000000000000        13.119534032482804     
   3370.0000000000000        13.243788035994761     
   3380.0000000000000        13.345655002712068     
   3390.0000000000000        13.448014957690367     
   3400.0000000000000        13.550861077734949     
   3410.0000000000000        13.654216548792236     
   3420.0000000000000        13.758055707608827     
   3430.0000000000000        13.862385969383171     
   3440.0000000000000        14.014328153100825     
   3450.0000000000000        14.120011844403351     
   3460.0000000000000        14.226190208034472     
   3470.0000000000000        14.332877028853186     
   3480.0000000000000        14.440057338762200     
   3490.0000000000000        14.547748380670972     
   3500.0000000000000        14.655936542268440     
   3510.0000000000000        14.788658625009480     
   3520.0000000000000        14.898040098504010     
   3530.0000000000000        15.007917125633863     
   3540.0000000000000        15.118311108418137     
   3550.0000000000000        15.229218049738391     
   3560.0000000000000        15.340629316979348     
   3570.0000000000000        15.452557624691485     
   3580.0000000000000        15.613935812962925     
   3590.0000000000000        15.727236155292971     
   3600.0000000000000        15.841060140186142     
   3610.0000000000000        15.955406294079022     
   3620.0000000000000        16.070249481655178     
   3630.0000000000000        16.185629587072146     
   3640.0000000000000        16.301534039328583     
   3650.0000000000000        16.417945103962477     
   3660.0000000000000        16.559934984897072     
   3670.0000000000000        16.677581211262062     
   3680.0000000000000        16.795739248479503     
   3690.0000000000000        16.914429451061750     
   3700.0000000000000        17.033651706886914     
   3710.0000000000000        17.153402725557438     
   3720.0000000000000        17.273666915295152     
   3730.0000000000000        17.394472746281224     
   3740.0000000000000        17.515813023768949     
   3750.0000000000000        17.689222388295775     
   3760.0000000000000        17.811978475572918     
   3770.0000000000000        17.935259606685257     
   3780.0000000000000        18.059095595315846     
   3790.0000000000000        18.183457288877026     
   3800.0000000000000        18.308365434785184     
   3810.0000000000000        18.433800663753217     
   3820.0000000000000        18.559784912574113     
   3830.0000000000000        18.712588516069072     
   3840.0000000000000        18.839831541558070     
   3850.0000000000000        18.967622806970937     
   3860.0000000000000        19.095954892101076     
   3870.0000000000000        19.224837043809796     
   3880.0000000000000        19.354273356700890     
   3890.0000000000000        19.484249646151223     
   3900.0000000000000        19.614785958681580     
   3910.0000000000000        19.745867098867844     
   3920.0000000000000        19.931300990787918     
   3930.0000000000000        20.063825361047513     
   3940.0000000000000        20.196927384157565     
   3950.0000000000000        20.330573643182472     
   3960.0000000000000        20.464754750137129     
   3970.0000000000000        20.599520305593021     
   3980.0000000000000        20.734843118120700     
   3990.0000000000000        20.870723235040785     
   4000.0000000000000        21.007166765498585     
   4010.0000000000000        21.144162261574682     
   4020.0000000000000        21.309400808634567     
   4030.0000000000000        21.447702402126367     
   4040.0000000000000        21.586593999255516     
   4050.0000000000000        21.726018003734765     
   4060.0000000000000        21.866042596322483     
   4070.0000000000000        22.006596017939348     
   4080.0000000000000        22.147753518073024     
   4090.0000000000000        22.289460024456151     
   4100.0000000000000        22.431763799350261     
   4110.0000000000000        22.574613938123886     
   4120.0000000000000        22.774808018527626     
   4130.0000000000000        22.919174864779894     
   4140.0000000000000        23.064116718088627     
   4150.0000000000000        23.209626290790172     
   4160.0000000000000        23.355723092051683     
   4170.0000000000000        23.502397146598192     
   4180.0000000000000        23.649657127750601     
   4190.0000000000000        23.797487804949768     
   4200.0000000000000        23.945920373041908     
   4210.0000000000000        24.094928510833427     
   4220.0000000000000        24.273545753841685     
   4230.0000000000000        24.423910143103985     
   4240.0000000000000        24.574864968812566     
   4250.0000000000000        24.726396003219662     
   4260.0000000000000        24.878504761245747     
   4270.0000000000000        25.031220108924593     
   4280.0000000000000        25.184532250491710     
   4290.0000000000000        25.338420752295185     
   4300.0000000000000        25.492913932035108     
   4310.0000000000000        25.648020587050219     
   4320.0000000000000        25.803684915586558     
   4330.0000000000000        26.019570511115173     
   4340.0000000000000        26.176792637796808     
   4350.0000000000000        26.334638628317379     
   4360.0000000000000        26.493054928062175     
   4370.0000000000000        26.652100228310392     
   4380.0000000000000        26.811716892893429     
   4390.0000000000000        26.971964337155054     
   4400.0000000000000        27.132788804319087     
   4410.0000000000000        27.294252582623635     
   4420.0000000000000        27.456306950099385     
   4430.0000000000000        27.618971108403468     
   4440.0000000000000        27.782257461558611     
   4450.0000000000000        27.976838402186051     
   4460.0000000000000        28.141520916311872     
   4470.0000000000000        28.306805363707120     
   4480.0000000000000        28.472699299643054     
   4490.0000000000000        28.639213499075769     
   4500.0000000000000        28.806339422473812     
   4510.0000000000000        28.974095835390440     
   4520.0000000000000        29.142449905219042     
   4530.0000000000000        29.311444973823995     
   4540.0000000000000        29.481055242701053     
   4550.0000000000000        29.651264794928899     
   4560.0000000000000        29.822088305756019     
   4570.0000000000000        30.056592574330924     
   4580.0000000000000        30.229007960369866     
   4590.0000000000000        30.402101047802581     
   4600.0000000000000        30.575789851413322     
   4610.0000000000000        30.750126919963105     
   4620.0000000000000        30.925066574703656     
   4630.0000000000000        31.100647344112176     
   4640.0000000000000        31.276871336936633     
   4650.0000000000000        31.453714145088032     
   4660.0000000000000        31.631169177474398     
   4670.0000000000000        31.809302121303549     
   4680.0000000000000        31.988074155738836     
   4690.0000000000000        32.167442917396052     
   4700.0000000000000        32.379870403661094     
   4710.0000000000000        32.560706057021982     
   4720.0000000000000        32.742188173845655     
   4730.0000000000000        32.924325254513249     
   4740.0000000000000        33.107055139328800     
   4750.0000000000000        33.290456277963948     
   4760.0000000000000        33.474477161692917     
   4770.0000000000000        33.659171485226132     
   4780.0000000000000        33.844519234966882     
   4790.0000000000000        34.030486087281247     
   4800.0000000000000        34.217104576963592     
   4810.0000000000000        34.404380238021055     
   4820.0000000000000        34.592320807734396     
   4830.0000000000000        34.780896730463112     
   4840.0000000000000        35.036963172527543     
   4850.0000000000000        35.227175680808564     
   4860.0000000000000        35.418096169876733     
   4870.0000000000000        35.609622182049812     
   4880.0000000000000        35.801796812591384     
   4890.0000000000000        35.994659467671958     
   4900.0000000000000        36.188195409432460     
   4910.0000000000000        36.382345078965820     
   4920.0000000000000        36.577184878546937     
   4930.0000000000000        36.772669681204285     
   4940.0000000000000        36.968803058906005     
   4950.0000000000000        37.165672277356428     
   4960.0000000000000        37.363135563505956     
   4970.0000000000000        37.561293708288517     
   4980.0000000000000        37.760063733505483     
   4990.0000000000000        37.994090197581727     
   5000.0000000000000        38.194426984712273     
   5010.0000000000000        38.395410594451327     
   5020.0000000000000        38.597068855864762     
   5030.0000000000000        38.799400669837446     
   5040.0000000000000        39.002409982144975     
   5050.0000000000000        39.206116583657725     
   5060.0000000000000        39.410471684533860     
   5070.0000000000000        39.615504078120651     
   5080.0000000000000        39.821242007706239     
   5090.0000000000000        40.027605002871304     
   5100.0000000000000        40.234699405156057     
   5110.0000000000000        40.442462522277950     
   5120.0000000000000        40.650845870188796     
   5130.0000000000000        40.859989700100989     
   5140.0000000000000        41.069773152295170     
   5150.0000000000000        41.351617129391862     
   5160.0000000000000        41.563144312783443     
   5170.0000000000000        41.775353780053671     
   5180.0000000000000        41.988264929612775     
   5190.0000000000000        42.201817515755707     
   5200.0000000000000        42.416053850878271     
   5210.0000000000000        42.631019887590824     
   5220.0000000000000        42.846697511659109     
   5230.0000000000000        43.063066053808321     
   5240.0000000000000        43.280053383296178     
   5250.0000000000000        43.497803172336013     
   5260.0000000000000        43.716261396051287     
   5270.0000000000000        43.935346704762630     
   5280.0000000000000        44.155192259122643     
   5290.0000000000000        44.375750121738797     
   5300.0000000000000        44.596963670245444     
   5310.0000000000000        44.855581806827757     
   5320.0000000000000        45.078441170420462     
   5330.0000000000000        45.301937669428455     
   5340.0000000000000        45.526092174132827     
   5350.0000000000000        45.751029589378128     
   5360.0000000000000        45.976647322264469     
   5370.0000000000000        46.202988438090948     
   5380.0000000000000        46.429966882310516     
   5390.0000000000000        46.657694009020744     
   5400.0000000000000        46.886171026932153     
   5410.0000000000000        47.115325991291854     
   5420.0000000000000        47.345239940162529     
   5430.0000000000000        47.575792103956331     
   5440.0000000000000        47.807107764389890     
   5450.0000000000000        48.039132344670406     
   5460.0000000000000        48.271855672017807     
   5470.0000000000000        48.505326373284078     
   5480.0000000000000        48.739455760173470     
   5490.0000000000000        49.050356299406481     
   5500.0000000000000        49.286322666855561     
   5510.0000000000000        49.523026845187161     
   5520.0000000000000        49.760420156417055     
   5530.0000000000000        49.998601234299656     
   5540.0000000000000        50.237407115099550     
   5550.0000000000000        50.477015089903951     
   5560.0000000000000        50.717261435534219     
   5570.0000000000000        50.958295456631397     
   5580.0000000000000        51.200068532555775     
   5590.0000000000000        51.442513191086263     
   5600.0000000000000        51.685765546603761     
   5610.0000000000000        51.929761775134736     
   5620.0000000000000        52.174390311005709     
   5630.0000000000000        52.419813000099083     
   5640.0000000000000        52.665949626873150     
   5650.0000000000000        52.912833987877050     
   5660.0000000000000        53.160494794185631     
   5670.0000000000000        53.408839273768614     
   5680.0000000000000        53.697322192579300     
   5690.0000000000000        53.947264450903397     
   5700.0000000000000        54.198052991741214     
   5710.0000000000000        54.449542192414995     
   5720.0000000000000        54.701747069221121     
   5730.0000000000000        54.954755394820275     
   5740.0000000000000        55.208435879532999     
   5750.0000000000000        55.462908972932247     
   5760.0000000000000        55.718120292096209     
   5770.0000000000000        55.974155530031268     
   5780.0000000000000        56.230880785547967     
   5790.0000000000000        56.488295825360133     
   5800.0000000000000        56.746486897658777     
   5810.0000000000000        57.005483551740355     
   5820.0000000000000        57.265182559842451     
   5830.0000000000000        57.525679090482093     
   5840.0000000000000        57.786912698214067     
   5850.0000000000000        58.048911261581530     
   5860.0000000000000        58.311595811815963     
   5870.0000000000000        58.575113713643823     
   5880.0000000000000        58.839379212696052     
   5890.0000000000000        59.186093677301997     
   5900.0000000000000        59.452241268459204     
   5910.0000000000000        59.719123136150230     
   5920.0000000000000        59.986779526056750     
   5930.0000000000000        60.255207039971218     
   5940.0000000000000        60.524407977562305     
   5950.0000000000000        60.794309093838727     
   5960.0000000000000        61.065046522195594     
   5970.0000000000000        61.336489069559654     
   5980.0000000000000        61.608710497032668     
   5990.0000000000000        61.881770383466275     
   6000.0000000000000        62.155612607431564     
   6010.0000000000000        62.430137638717831     
   6020.0000000000000        62.705520503219489     
   6030.0000000000000        62.981573893912341     
   6040.0000000000000        63.258417684215608     
   6050.0000000000000        63.536095338451673     
   6060.0000000000000        63.814463551492139     
   6070.0000000000000        64.093683603020111     
   6080.0000000000000        64.373725900602125     
   6090.0000000000000        64.654482993136341     
   6100.0000000000000        64.936029457917769     
   6110.0000000000000        65.260800761965456     
   6120.0000000000000        65.544082796433869     
   6130.0000000000000        65.828238360849966     
   6140.0000000000000        66.113036312871088     
   6150.0000000000000        66.398696483578817     
   6160.0000000000000        66.685129771514610     
   6170.0000000000000        66.972334832973146     
   6180.0000000000000        67.260407477505169     
   6190.0000000000000        67.549125228152036     
   6200.0000000000000        67.838837972507392     
   6210.0000000000000        68.129165327558908     
   6220.0000000000000        68.420345020281161     
   6230.0000000000000        68.712207962498354     
   6240.0000000000000        69.005020776502278     
   6250.0000000000000        69.298586805444060     
   6260.0000000000000        69.592942011468452     
   6270.0000000000000        69.888101524220076     
   6280.0000000000000        70.184040464756393     
   6290.0000000000000        70.480776695193398     
   6300.0000000000000        70.778388572918260     
   6310.0000000000000        71.076740927008117     
   6320.0000000000000        71.375844240705604     
   6330.0000000000000        71.675788051081241     
   6340.0000000000000        71.976595432102883     
   6350.0000000000000        72.366383107229453     
   6360.0000000000000        72.669115146860193     
   6370.0000000000000        72.972685797263523     
   6380.0000000000000        73.277074085565303     
   6390.0000000000000        73.582130209592719     
   6400.0000000000000        73.888137124309807     
   6410.0000000000000        74.194910729752877     
   6420.0000000000000        74.502450721749170     
   6430.0000000000000        74.810929859047377     
   6440.0000000000000        75.120118041348732     
   6450.0000000000000        75.430186134746165     
   6460.0000000000000        75.740890326029813     
   6470.0000000000000        76.052666537051962     
   6480.0000000000000        76.365099961112080     
   6490.0000000000000        76.678479721297805     
   6500.0000000000000        76.992609958813418     
   6510.0000000000000        77.307475269073137     
   6520.0000000000000        77.623353861846510     
   6530.0000000000000        77.939862670404807     
   6540.0000000000000        78.257208910106371     
   6550.0000000000000        78.575570417201362     
   6560.0000000000000        78.894598605899404     
   6570.0000000000000        79.214427169303818     
   6580.0000000000000        79.535291092048368     
   6590.0000000000000        79.856877490878489     
   6600.0000000000000        80.179124055688305     
   6610.0000000000000        80.548286477758168     
   6620.0000000000000        80.872586490529343     
   6630.0000000000000        81.197616689157016     
   6640.0000000000000        81.523470409718897     
   6650.0000000000000        81.850211408536452     
   6660.0000000000000        82.177796338612310     
   6670.0000000000000        82.506087448026008     
   6680.0000000000000        82.835468142505746     
   6690.0000000000000        83.165522384095951     
   6700.0000000000000        83.496451645151055     
   6710.0000000000000        83.828138662626202     
   6720.0000000000000        84.160880406541580     
   6730.0000000000000        84.494222716474852     
   6740.0000000000000        84.828510642928947     
   6750.0000000000000        85.163529459806398     
   6760.0000000000000        85.499583405354571     
   6770.0000000000000        85.836514685891814     
   6780.0000000000000        86.174199116694737     
   6790.0000000000000        86.512558268900676     
   6800.0000000000000        86.852010827103015     
   6810.0000000000000        87.192242570154860     
   6820.0000000000000        87.533227212189900     
   6830.0000000000000        87.875192111589399     
   6840.0000000000000        88.217989187859146     
   6850.0000000000000        88.561638194928008     
   6860.0000000000000        88.906117112987246     
   6870.0000000000000        89.251369125922949     
   6880.0000000000000        89.597712890938155     
   6890.0000000000000        90.040608577464127     
   6900.0000000000000        90.388825351222422     
   6910.0000000000000        90.737956379223164     
   6920.0000000000000        91.088076183499538     
   6930.0000000000000        91.438952749754392     
   6940.0000000000000        91.790523349086271     
   6950.0000000000000        92.143300435725337     
   6960.0000000000000        92.496582294400611     
   6970.0000000000000        92.850919823828988     
   6980.0000000000000        93.205994836857812     
   6990.0000000000000        93.562299844855374     
   7000.0000000000000        93.919254752193055     
