  0.000000000000000E+000  0.000000000000000E+000
   10.0000000000000       0.000000000000000E+000
   20.0000000000000       0.000000000000000E+000
   30.0000000000000       0.000000000000000E+000
   40.0000000000000       0.000000000000000E+000
   50.0000000000000       0.000000000000000E+000
   60.0000000000000       0.000000000000000E+000
   70.0000000000000       0.000000000000000E+000
   80.0000000000000       0.000000000000000E+000
   90.0000000000000       0.000000000000000E+000
   100.000000000000       0.000000000000000E+000
   110.000000000000       0.000000000000000E+000
   120.000000000000       0.000000000000000E+000
   130.000000000000       4.119037707358171E-005
   140.000000000000       2.416388506666700E-004
   150.000000000000       5.782976947690072E-004
   160.000000000000       1.025101854690333E-003
   170.000000000000       1.562243952382023E-003
   180.000000000000       2.174431249223183E-003
   190.000000000000       2.849689053224153E-003
   200.000000000000       3.578520309122579E-003
   210.000000000000       4.353307407142419E-003
   220.000000000000       5.167873494996763E-003
   230.000000000000       6.017162991856968E-003
   240.000000000000       6.896999075680550E-003
   250.000000000000       7.803902530064459E-003
   260.000000000000       8.734952069952595E-003
   270.000000000000       9.687676545033202E-003
   280.000000000000       1.065997131144685E-002
   290.000000000000       1.165002977052288E-002
   300.000000000000       1.265629477312154E-002
   310.000000000000       1.367741236719003E-002
   320.000000000000       1.471219858387339E-002
   330.000000000000       1.575961580356911E-002
   340.000000000000       1.681874805294247E-002
   350.000000000000       1.788877975458801E-002
   360.000000000000       1.896898538127884E-002
   370.000000000000       2.005871429931207E-002
   380.000000000000       2.115737916858799E-002
   390.000000000000       2.226445116198090E-002
   400.000000000000       2.337945009342002E-002
   410.000000000000       2.450193634772299E-002
   420.000000000000       2.563150918852467E-002
   430.000000000000       2.676780032455001E-002
   440.000000000000       2.791047012734742E-002
   450.000000000000       2.905920690650851E-002
   460.000000000000       3.021372075758814E-002
   470.000000000000       3.137373959283537E-002
   480.000000000000       3.253901248113149E-002
   490.000000000000       3.370930506990046E-002
   500.000000000000       3.488439865807895E-002
   510.000000000000       3.606408393852186E-002
   520.000000000000       3.724816923768767E-002
   530.000000000000       3.843646845753019E-002
   540.000000000000       3.962880890254247E-002
   550.000000000000       4.082503336216576E-002
   560.000000000000       4.202498008332223E-002
   570.000000000000       4.322850012774466E-002
   580.000000000000       4.443546202723425E-002
   590.000000000000       4.564572811326239E-002
   600.000000000000       4.685917187753699E-002
   610.000000000000       4.807567270055779E-002
   620.000000000000       4.929511157063416E-002
   630.000000000000       5.051738528442808E-002
   640.000000000000       5.174238367287532E-002
   650.000000000000       5.297000882199402E-002
   660.000000000000       5.420015967097159E-002
   670.000000000000       5.543274694231784E-002
   680.000000000000       5.666767386356310E-002
   690.000000000000       5.790486509958562E-002
   700.000000000000       5.914423183380445E-002
   710.000000000000       6.038569805084076E-002
   720.000000000000       6.162918132576650E-002
   730.000000000000       6.287461526994256E-002
   740.000000000000       6.412192461193454E-002
   750.000000000000       6.537104223408018E-002
   760.000000000000       6.662189851362403E-002
   770.000000000000       6.787443427139421E-002
   780.000000000000       6.912859019270626E-002
   790.000000000000       7.038430377402506E-002
   800.000000000000       7.164151172295680E-002
   810.000000000000       7.290016963933257E-002
   820.000000000000       7.416021338869554E-002
   830.000000000000       7.542159455324111E-002
   840.000000000000       7.668426774240400E-002
   850.000000000000       7.794816817728173E-002
   860.000000000000       7.921328323392861E-002
   870.000000000000       8.047952401753623E-002
   880.000000000000       8.174687224029374E-002
   890.000000000000       8.301528062401957E-002
   900.000000000000       8.428471009358658E-002
   910.000000000000       8.555512088049709E-002
   920.000000000000       8.682645556434114E-002
   930.000000000000       8.809868942947190E-002
   940.000000000000       8.937179237805509E-002
   950.000000000000       9.064573468959571E-002
   960.000000000000       9.192045825416738E-002
   970.000000000000       9.319594233818763E-002
   980.000000000000       9.447215411078204E-002
   990.000000000000       9.574905440768099E-002
   1000.00000000000       9.702661948353618E-002
   1010.00000000000       9.830484106512265E-002
   1020.00000000000       9.958364259588186E-002
   1030.00000000000       0.100863026615726     
   1040.00000000000       0.102142967114986     
   1050.00000000000       0.103423418430146     
   1060.00000000000       0.104704364841670     
   1070.00000000000       0.105985787680905     
   1080.00000000000       0.107267664255287     
   1090.00000000000       0.108549956010180     
   1100.00000000000       0.113016023755793     
   1110.00000000000       0.133728921454982     
   1120.00000000000       0.148607022404609     
   1130.00000000000       0.170507641410201     
   1140.00000000000       0.193018010058836     
   1150.00000000000       0.202905896313683     
   1160.00000000000       0.219857286253496     
   1170.00000000000       0.244093469076696     
   1180.00000000000       0.255275841508079     
   1190.00000000000       0.280665398407051     
   1200.00000000000       0.299713309305322     
   1210.00000000000       0.312221691252364     
   1220.00000000000       0.339340214958382     
   1230.00000000000       0.359921385328468     
   1240.00000000000       0.373782961646596     
   1250.00000000000       0.395333784490572     
