0.00000E+00 	0.00000E+00 	0.00000E+00 	0.00000E+00 	0.00000E+00 	0.00000E+00 	0.00000E+00 	0.00000E+00 	0.00000E+00 	0.00000E+00 	0.00000E+00 	0.00000E+00 	0.00000E+00 	0.00000E+00 	0.00000E+00 	
5.85039E-07 	7.12613E-07 	7.84624E-07 	8.37884E-07 	8.74584E-07 	9.02943E-07 	9.28108E-07 	9.41062E-07 	9.48900E-07 	9.52557E-07 	9.40601E-07 	9.08526E-07 	8.57682E-07 	7.61802E-07 	5.43602E-07 	
1.17210E-06 	1.45907E-06 	1.61433E-06 	1.72630E-06 	1.79878E-06 	1.86121E-06 	1.91750E-06 	1.94122E-06 	1.95128E-06 	1.96570E-06 	1.93379E-06 	1.87243E-06 	1.76982E-06 	1.57351E-06 	1.11074E-06 	
1.62477E-06 	2.06430E-06 	2.29746E-06 	2.44444E-06 	2.56738E-06 	2.65669E-06 	2.74353E-06 	2.76999E-06 	2.78747E-06 	2.80502E-06 	2.76214E-06 	2.67245E-06 	2.52794E-06 	2.23681E-06 	1.56165E-06 	
2.02576E-06 	2.64059E-06 	2.97396E-06 	3.16099E-06 	3.32732E-06 	3.43064E-06 	3.55991E-06 	3.60908E-06 	3.62533E-06 	3.64096E-06 	3.59288E-06 	3.47377E-06 	3.29373E-06 	2.90351E-06 	1.98904E-06 	
2.37168E-06 	3.15728E-06 	3.57413E-06 	3.79777E-06 	3.99123E-06 	4.13471E-06 	4.29225E-06 	4.38051E-06 	4.38663E-06 	4.39973E-06 	4.33867E-06 	4.19422E-06 	3.97478E-06 	3.49310E-06 	2.34056E-06 	
2.73481E-06 	3.72010E-06 	4.21435E-06 	4.50551E-06 	4.75829E-06 	4.91201E-06 	5.08548E-06 	5.18691E-06 	5.19288E-06 	5.21636E-06 	5.17676E-06 	4.98839E-06 	4.72078E-06 	4.12948E-06 	2.75810E-06 	
3.08597E-06 	4.25852E-06 	4.84051E-06 	5.19417E-06 	5.45893E-06 	5.64396E-06 	5.85630E-06 	5.99044E-06 	6.00037E-06 	6.04465E-06 	5.98330E-06 	5.77478E-06 	5.46216E-06 	4.77677E-06 	3.13898E-06 	
3.47544E-06 	4.86688E-06 	5.52905E-06 	5.96378E-06 	6.28579E-06 	6.49988E-06 	6.75349E-06 	6.90615E-06 	6.89583E-06 	6.92957E-06 	6.85679E-06 	6.66092E-06 	6.27224E-06 	5.48138E-06 	3.55974E-06 	
3.74871E-06 	5.28428E-06 	6.03297E-06 	6.53953E-06 	6.86280E-06 	7.09727E-06 	7.38788E-06 	7.56629E-06 	7.55004E-06 	7.59609E-06 	7.56099E-06 	7.31156E-06 	6.84016E-06 	6.00028E-06 	3.86817E-06 	
4.10217E-06 	5.84514E-06 	6.74836E-06 	7.27054E-06 	7.62117E-06 	7.97280E-06 	8.29261E-06 	8.42452E-06 	8.39087E-06 	8.47066E-06 	8.43932E-06 	8.15528E-06 	7.61355E-06 	6.65042E-06 	4.26408E-06 	
4.44267E-06 	6.42545E-06 	7.41577E-06 	8.01586E-06 	8.39438E-06 	8.81619E-06 	9.11202E-06 	9.28526E-06 	9.30292E-06 	9.33569E-06 	9.32084E-06 	8.98658E-06 	8.43336E-06 	7.25550E-06 	4.65282E-06 	
4.76110E-06 	6.99599E-06 	8.00918E-06 	8.72518E-06 	9.12793E-06 	9.55837E-06 	9.91731E-06 	1.00902E-05 	1.01489E-05 	1.00984E-05 	1.00646E-05 	9.78433E-06 	9.16738E-06 	7.83006E-06 	5.06674E-06 	
5.07896E-06 	7.49477E-06 	8.65071E-06 	9.37013E-06 	9.91297E-06 	1.02924E-05 	1.07894E-05 	1.08676E-05 	1.09256E-05 	1.08870E-05 	1.08383E-05 	1.05244E-05 	9.88384E-06 	8.35309E-06 	5.48385E-06 	
5.47999E-06 	8.05451E-06 	9.34386E-06 	1.00931E-05 	1.06706E-05 	1.10292E-05 	1.16757E-05 	1.16522E-05 	1.18215E-05 	1.17468E-05 	1.16632E-05 	1.12859E-05 	1.05753E-05 	8.98262E-06 	5.88178E-06 	
5.89822E-06 	8.68077E-06 	1.00411E-05 	1.09370E-05 	1.16410E-05 	1.20144E-05 	1.27011E-05 	1.26652E-05 	1.27572E-05 	1.28105E-05 	1.26931E-05 	1.22996E-05 	1.14320E-05 	9.72730E-06 	6.43071E-06 	
6.28386E-06 	9.20942E-06 	1.07809E-05 	1.17156E-05 	1.24733E-05 	1.28059E-05 	1.35636E-05 	1.35601E-05 	1.36964E-05 	1.37067E-05 	1.35039E-05 	1.30634E-05 	1.22279E-05 	1.03201E-05 	6.83660E-06 	
6.42132E-06 	9.44710E-06 	1.09166E-05 	1.20050E-05 	1.27188E-05 	1.31360E-05 	1.39582E-05 	1.38331E-05 	1.40396E-05 	1.40052E-05 	1.38815E-05 	1.33851E-05 	1.24312E-05 	1.05026E-05 	7.01997E-06 	
6.89987E-06 	1.01351E-05 	1.17933E-05 	1.31113E-05 	1.37582E-05 	1.41765E-05 	1.50131E-05 	1.50294E-05 	1.51237E-05 	1.51544E-05 	1.50374E-05 	1.43454E-05 	1.33929E-05 	1.13159E-05 	7.59935E-06 	
7.55031E-06 	1.09453E-05 	1.27640E-05 	1.41998E-05 	1.49748E-05 	1.55018E-05 	1.64923E-05 	1.63355E-05 	1.64966E-05 	1.65043E-05 	1.63846E-05 	1.56093E-05 	1.45116E-05 	1.22899E-05 	8.21451E-06 	
7.46316E-06 	1.08313E-05 	1.26661E-05 	1.40899E-05 	1.48470E-05 	1.52437E-05 	1.62222E-05 	1.61194E-05 	1.62617E-05 	1.62337E-05 	1.62164E-05 	1.55273E-05 	1.42798E-05 	1.21604E-05 	8.06432E-06 	
8.47691E-06 	1.22163E-05 	1.41943E-05 	1.59089E-05 	1.66582E-05 	1.72030E-05 	1.82246E-05 	1.81906E-05 	1.85056E-05 	1.83567E-05 	1.82897E-05 	1.74932E-05 	1.60877E-05 	1.36910E-05 	9.19126E-06 	
8.25531E-06 	1.18774E-05 	1.38854E-05 	1.54281E-05 	1.61819E-05 	1.68944E-05 	1.75943E-05 	1.77319E-05 	1.80860E-05 	1.78612E-05 	1.77376E-05 	1.70921E-05 	1.57275E-05 	1.33627E-05 	8.97612E-06 	
9.21598E-06 	1.32354E-05 	1.55223E-05 	1.69620E-05 	1.80490E-05 	1.87490E-05 	1.94914E-05 	1.97289E-05 	2.01728E-05 	1.98804E-05 	1.97741E-05 	1.91041E-05 	1.73730E-05 	1.49046E-05 	9.95234E-06 	
9.20090E-06 	1.29607E-05 	1.52477E-05 	1.66926E-05 	1.78969E-05 	1.84566E-05 	1.93329E-05 	1.94247E-05 	1.97257E-05 	1.97004E-05 	1.93502E-05 	1.87570E-05 	1.69806E-05 	1.46195E-05 	9.99934E-06 	
1.03381E-05 	1.44439E-05 	1.70020E-05 	1.86656E-05 	1.98961E-05 	2.06274E-05 	2.12818E-05 	2.15556E-05 	2.18311E-05 	2.17980E-05 	2.15398E-05 	2.06464E-05 	1.88935E-05 	1.61206E-05 	1.11405E-05 	
9.91074E-06 	1.38304E-05 	1.63719E-05 	1.78131E-05 	1.89712E-05 	1.97533E-05 	2.04499E-05 	2.08359E-05 	2.09314E-05 	2.08359E-05 	2.06517E-05 	1.99649E-05 	1.81694E-05 	1.54244E-05 	1.07051E-05 	
1.13373E-05 	1.55612E-05 	1.86483E-05 	2.02186E-05 	2.17594E-05 	2.22518E-05 	2.33811E-05 	2.35702E-05 	2.40010E-05 	2.35696E-05 	2.33092E-05 	2.26033E-05 	2.05011E-05 	1.74952E-05 	1.22544E-05 	
1.07038E-05 	1.47769E-05 	1.75087E-05 	1.89363E-05 	2.04241E-05 	2.09812E-05 	2.19103E-05 	2.21366E-05 	2.25597E-05 	2.22896E-05 	2.18139E-05 	2.12276E-05 	1.91676E-05 	1.64568E-05 	1.15405E-05 	
1.20913E-05 	1.65903E-05 	1.99023E-05 	2.11606E-05 	2.30304E-05 	2.37852E-05 	2.45123E-05 	2.49144E-05 	2.54372E-05 	2.51617E-05 	2.44176E-05 	2.39295E-05 	2.15662E-05 	1.84971E-05 	1.28364E-05 	
1.19010E-05 	1.63818E-05 	1.98483E-05 	2.07412E-05 	2.29296E-05 	2.35592E-05 	2.41875E-05 	2.48363E-05 	2.49319E-05 	2.50307E-05 	2.44609E-05 	2.36748E-05 	2.12876E-05 	1.80995E-05 	1.27527E-05 	
1.24182E-05 	1.68534E-05 	2.02211E-05 	2.13543E-05 	2.36852E-05 	2.41674E-05 	2.45087E-05 	2.53976E-05 	2.51797E-05 	2.57775E-05 	2.49291E-05 	2.40271E-05 	2.19792E-05 	1.86896E-05 	1.31324E-05 	
1.35349E-05 	1.87476E-05 	2.21791E-05 	2.36259E-05 	2.61260E-05 	2.66383E-05 	2.69677E-05 	2.81770E-05 	2.77965E-05 	2.83780E-05 	2.74337E-05 	2.63658E-05 	2.41440E-05 	2.06035E-05 	1.44346E-05 	
1.28025E-05 	1.75810E-05 	2.07786E-05 	2.21110E-05 	2.44509E-05 	2.47596E-05 	2.52321E-05 	2.61873E-05 	2.60392E-05 	2.65514E-05 	2.54898E-05 	2.45618E-05 	2.27267E-05 	1.91538E-05 	1.35322E-05 	
1.41713E-05 	1.92896E-05 	2.26075E-05 	2.42112E-05 	2.66168E-05 	2.69602E-05 	2.76619E-05 	2.85096E-05 	2.84117E-05 	2.88237E-05 	2.78122E-05 	2.68766E-05 	2.47580E-05 	2.11903E-05 	1.47772E-05 	
1.51567E-05 	2.03790E-05 	2.41132E-05 	2.61641E-05 	2.81682E-05 	2.88085E-05 	2.94438E-05 	3.02660E-05 	3.03298E-05 	3.05760E-05 	2.97005E-05 	2.83466E-05 	2.63574E-05 	2.25134E-05 	1.59995E-05 	
1.39751E-05 	1.92904E-05 	2.23673E-05 	2.41328E-05 	2.59392E-05 	2.68990E-05 	2.74012E-05 	2.80538E-05 	2.83016E-05 	2.82752E-05 	2.76506E-05 	2.63593E-05 	2.43830E-05 	2.07668E-05 	1.48787E-05 	
1.56819E-05 	2.10495E-05 	2.44668E-05 	2.63423E-05 	2.83716E-05 	2.91333E-05 	2.97808E-05 	3.07519E-05 	3.11896E-05 	3.08184E-05 	3.01917E-05 	2.87556E-05 	2.64570E-05 	2.27355E-05 	1.61776E-05 	
1.68762E-05 	2.25565E-05 	2.62932E-05 	2.84102E-05 	3.02451E-05 	3.16137E-05 	3.21638E-05 	3.26851E-05 	3.32929E-05 	3.28989E-05 	3.23171E-05 	3.04458E-05 	2.81297E-05 	2.44713E-05 	1.73262E-05 	
1.58754E-05 	2.11608E-05 	2.47105E-05 	2.66025E-05 	2.84502E-05 	2.96326E-05 	3.00509E-05 	3.03895E-05 	3.10010E-05 	3.08693E-05 	3.01788E-05 	2.83493E-05 	2.61779E-05 	2.29812E-05 	1.61854E-05 	
1.66881E-05 	2.22073E-05 	2.61269E-05 	2.77203E-05 	2.96005E-05 	3.08843E-05 	3.19741E-05 	3.22456E-05 	3.24358E-05 	3.24457E-05 	3.18767E-05 	2.97623E-05 	2.76083E-05 	2.42656E-05 	1.72049E-05 	
1.83404E-05 	2.42224E-05 	2.81935E-05 	2.99997E-05 	3.25992E-05 	3.36340E-05 	3.43700E-05 	3.53646E-05 	3.51839E-05 	3.50762E-05 	3.47238E-05 	3.25805E-05 	2.99473E-05 	2.61010E-05 	1.87160E-05 	
1.84165E-05 	2.44375E-05 	2.84176E-05 	3.01130E-05 	3.26467E-05 	3.35508E-05 	3.42197E-05 	3.53483E-05 	3.53096E-05 	3.50186E-05 	3.45288E-05 	3.23653E-05 	3.03326E-05 	2.58882E-05 	1.87545E-05 	
1.74115E-05 	2.30189E-05 	2.65892E-05 	2.84543E-05 	3.03962E-05 	3.16915E-05 	3.18710E-05 	3.29646E-05 	3.34411E-05 	3.24438E-05 	3.22983E-05 	3.05267E-05 	2.83459E-05 	2.43486E-05 	1.76658E-05 	
1.92939E-05 	2.57527E-05 	2.93962E-05 	3.16970E-05 	3.38958E-05 	3.53445E-05 	3.49880E-05 	3.61780E-05 	3.66902E-05 	3.61292E-05 	3.59431E-05 	3.35533E-05 	3.12051E-05 	2.70971E-05 	1.95559E-05 	
2.06030E-05 	2.69617E-05 	3.13856E-05 	3.36133E-05 	3.57380E-05 	3.68254E-05 	3.72671E-05 	3.84498E-05 	3.89576E-05 	3.82047E-05 	3.74246E-05 	3.54899E-05 	3.30794E-05 	2.85501E-05 	2.06333E-05 	
2.03152E-05 	2.66162E-05 	3.03462E-05 	3.34055E-05 	3.50439E-05 	3.64507E-05 	3.66033E-05 	3.74208E-05 	3.81647E-05 	3.75790E-05 	3.69498E-05 	3.44851E-05 	3.19742E-05 	2.78273E-05 	2.04229E-05 	
1.95862E-05 	2.49477E-05 	2.90184E-05 	3.12902E-05 	3.36218E-05 	3.47810E-05 	3.46896E-05 	3.56067E-05 	3.67728E-05 	3.53004E-05 	3.49478E-05 	3.31258E-05 	3.04814E-05 	2.66831E-05 	1.92258E-05 	
2.17486E-05 	2.77006E-05 	3.24002E-05 	3.51224E-05 	3.68499E-05 	3.88004E-05 	3.86832E-05 	3.90228E-05 	4.07493E-05 	3.95365E-05 	3.85908E-05 	3.64963E-05 	3.40002E-05 	2.92964E-05 	2.12797E-05 	
2.32066E-05 	2.90152E-05 	3.38634E-05 	3.67544E-05 	3.85262E-05 	4.02024E-05 	4.07516E-05 	4.08634E-05 	4.28077E-05 	4.13514E-05 	4.03626E-05 	3.83764E-05 	3.56082E-05 	3.09292E-05 	2.22651E-05 	
2.34050E-05 	2.87616E-05 	3.37878E-05 	3.60794E-05 	3.83992E-05 	3.96477E-05 	4.03200E-05 	3.98460E-05 	4.16185E-05 	4.11718E-05 	3.94579E-05 	3.82231E-05 	3.46603E-05 	3.02955E-05 	2.21128E-05 	
2.14129E-05 	2.76040E-05 	3.13954E-05 	3.36987E-05 	3.61825E-05 	3.68184E-05 	3.79800E-05 	3.74433E-05 	3.86152E-05 	3.80755E-05 	3.67588E-05 	3.52173E-05 	3.28851E-05 	2.86405E-05 	2.10967E-05 	
2.35200E-05 	3.06536E-05 	3.46480E-05 	3.72151E-05 	3.93951E-05 	4.07555E-05 	4.16975E-05 	4.14584E-05 	4.23138E-05 	4.21070E-05 	4.00865E-05 	3.92184E-05 	3.60768E-05 	3.12414E-05 	2.29895E-05 	
2.50757E-05 	3.24203E-05 	3.65597E-05 	3.95983E-05 	4.18755E-05 	4.27996E-05 	4.35274E-05 	4.39926E-05 	4.47525E-05 	4.45565E-05 	4.24691E-05 	4.13008E-05 	3.81950E-05 	3.31407E-05 	2.45501E-05 	
2.57217E-05 	3.29932E-05 	3.73731E-05 	3.95078E-05 	4.25808E-05 	4.30946E-05 	4.46461E-05 	4.45128E-05 	4.48769E-05 	4.51572E-05 	4.31392E-05 	4.17885E-05 	3.87268E-05 	3.28226E-05 	2.51825E-05 	
2.38613E-05 	3.10433E-05 	3.51561E-05 	3.74122E-05 	3.94312E-05 	4.04099E-05 	4.20274E-05 	4.19081E-05 	4.18945E-05 	4.21263E-05 	4.02496E-05 	3.94192E-05 	3.64228E-05 	3.14720E-05 	2.37565E-05 	
2.49646E-05 	3.14362E-05 	3.51376E-05 	3.86814E-05 	4.03512E-05 	4.15187E-05 	4.28960E-05 	4.26044E-05 	4.32951E-05 	4.24770E-05 	4.10540E-05 	4.01014E-05 	3.68943E-05 	3.16041E-05 	2.39924E-05 	
2.72250E-05 	3.38959E-05 	3.79989E-05 	4.20611E-05 	4.38493E-05 	4.48167E-05 	4.65988E-05 	4.60214E-05 	4.63647E-05 	4.58279E-05 	4.44010E-05 	4.35091E-05 	4.01330E-05 	3.42502E-05 	2.58741E-05 	
2.86980E-05 	3.52726E-05 	3.95898E-05 	4.38292E-05 	4.52469E-05 	4.66858E-05 	4.77543E-05 	4.79147E-05 	4.84585E-05 	4.76316E-05 	4.62565E-05 	4.52480E-05 	4.17901E-05 	3.58475E-05 	2.69892E-05 	
2.86136E-05 	3.57388E-05 	4.05002E-05 	4.34189E-05 	4.57157E-05 	4.68090E-05 	4.86535E-05 	4.79166E-05 	4.82399E-05 	4.80985E-05 	4.63105E-05 	4.52618E-05 	4.20843E-05 	3.58022E-05 	2.73491E-05 	
2.64968E-05 	3.37382E-05 	3.77291E-05 	4.07184E-05 	4.31155E-05 	4.41050E-05 	4.50041E-05 	4.57401E-05 	4.50359E-05 	4.53913E-05 	4.32341E-05 	4.26332E-05 	3.88759E-05 	3.38143E-05 	2.55171E-05 	
2.77934E-05 	3.49052E-05 	3.89268E-05 	4.19130E-05 	4.35773E-05 	4.54591E-05 	4.63349E-05 	4.62626E-05 	4.59082E-05 	4.68597E-05 	4.46919E-05 	4.37496E-05 	3.98946E-05 	3.47906E-05 	2.61846E-05 	
2.97999E-05 	3.76045E-05 	4.15682E-05 	4.51450E-05 	4.65902E-05 	4.87861E-05 	4.93409E-05 	5.02171E-05 	4.96775E-05 	5.03122E-05 	4.74205E-05 	4.66453E-05 	4.28061E-05 	3.72823E-05 	2.80430E-05 	
3.18130E-05 	3.91493E-05 	4.31054E-05 	4.71698E-05 	4.87127E-05 	5.06589E-05 	5.21085E-05 	5.22277E-05 	5.11858E-05 	5.17822E-05 	5.00295E-05 	4.79269E-05 	4.44921E-05 	3.88421E-05 	2.95563E-05 	
3.21287E-05 	3.99747E-05 	4.39048E-05 	4.76632E-05 	4.99066E-05 	5.14424E-05 	5.22881E-05 	5.33256E-05 	5.19410E-05 	5.26519E-05 	5.10363E-05 	4.90903E-05 	4.48902E-05 	3.94383E-05 	2.97630E-05 	
3.14354E-05 	3.88981E-05 	4.26636E-05 	4.66260E-05 	4.86286E-05 	5.04706E-05 	5.13789E-05 	5.10164E-05 	5.05304E-05 	5.08595E-05 	4.97342E-05 	4.77556E-05 	4.35371E-05 	3.84453E-05 	2.94305E-05 	
2.99878E-05 	3.64058E-05 	3.98780E-05 	4.30352E-05 	4.55605E-05 	4.68126E-05 	4.83080E-05 	4.80237E-05 	4.74654E-05 	4.72743E-05 	4.61181E-05 	4.50282E-05 	4.08018E-05 	3.62432E-05 	2.77745E-05 	
3.25360E-05 	4.02771E-05 	4.46334E-05 	4.73881E-05 	4.93363E-05 	5.12582E-05 	5.28928E-05 	5.18304E-05 	5.17381E-05 	5.20187E-05 	5.04423E-05 	4.90637E-05 	4.44316E-05 	3.92278E-05 	3.01424E-05 	
3.44005E-05 	4.21424E-05 	4.62950E-05 	5.00600E-05 	5.21308E-05 	5.39432E-05 	5.53617E-05 	5.48921E-05 	5.47740E-05 	5.44728E-05 	5.30610E-05 	5.11307E-05 	4.67096E-05 	4.05845E-05 	3.18150E-05 	
3.57301E-05 	4.34434E-05 	4.72526E-05 	5.02520E-05 	5.40787E-05 	5.61299E-05 	5.65582E-05 	5.55818E-05 	5.61431E-05 	5.58088E-05 	5.42136E-05 	5.17757E-05 	4.81135E-05 	4.18530E-05 	3.20115E-05 	
3.62209E-05 	4.42525E-05 	4.77930E-05 	5.11230E-05 	5.33279E-05 	5.69296E-05 	5.68610E-05 	5.66316E-05 	5.58603E-05 	5.72004E-05 	5.45130E-05 	5.21725E-05 	4.89074E-05 	4.28420E-05 	3.25262E-05 	
3.49274E-05 	4.21934E-05 	4.62045E-05 	4.97430E-05 	5.16865E-05 	5.45413E-05 	5.46437E-05 	5.48395E-05 	5.46067E-05 	5.39509E-05 	5.19912E-05 	5.02275E-05 	4.56428E-05 	4.18700E-05 	3.12215E-05 	
3.38590E-05 	4.00723E-05 	4.46474E-05 	4.69026E-05 	4.89122E-05 	5.18180E-05 	5.26197E-05 	5.15975E-05 	5.12014E-05 	5.23276E-05 	4.94962E-05 	4.80444E-05 	4.41525E-05 	3.92854E-05 	2.98042E-05 	
3.66706E-05 	4.39496E-05 	4.78520E-05 	5.14658E-05 	5.37377E-05 	5.67752E-05 	5.65613E-05 	5.69416E-05 	5.65297E-05 	5.56483E-05 	5.34510E-05 	5.18724E-05 	4.80658E-05 	4.25759E-05 	3.26238E-05 	
3.87877E-05 	4.61364E-05 	5.08098E-05 	5.27377E-05 	5.56603E-05 	5.90769E-05 	5.91856E-05 	5.89068E-05 	5.86639E-05 	5.87998E-05 	5.62295E-05 	5.51343E-05 	5.07229E-05 	4.43253E-05 	3.41713E-05 	
4.03363E-05 	4.70503E-05 	5.16046E-05 	5.48279E-05 	5.73907E-05 	6.09283E-05 	6.04978E-05 	6.18035E-05 	6.01120E-05 	6.03568E-05 	5.75362E-05 	5.57776E-05 	5.19259E-05 	4.54614E-05 	3.51727E-05 	
4.05597E-05 	4.79202E-05 	5.24356E-05 	5.58887E-05 	5.81070E-05 	6.14587E-05 	6.09866E-05 	6.20128E-05 	6.04746E-05 	6.02896E-05 	5.76155E-05 	5.70566E-05 	5.21760E-05 	4.58086E-05 	3.50399E-05 	
4.00646E-05 	4.67634E-05 	5.13262E-05 	5.45301E-05 	5.66717E-05 	6.04354E-05 	6.01140E-05 	6.03193E-05 	6.03528E-05 	6.01544E-05 	5.68990E-05 	5.45103E-05 	5.14354E-05 	4.55824E-05 	3.47284E-05 	
3.85700E-05 	4.41110E-05 	4.83157E-05 	5.14842E-05 	5.39283E-05 	5.72055E-05 	5.70122E-05 	5.72158E-05 	5.62867E-05 	5.57438E-05 	5.41152E-05 	5.08789E-05 	4.80385E-05 	4.23995E-05 	3.28382E-05 	
4.04417E-05 	4.69744E-05 	5.11967E-05 	5.47000E-05 	5.62578E-05 	5.97402E-05 	6.04701E-05 	5.94681E-05 	5.95469E-05 	5.88966E-05 	5.79512E-05 	5.48087E-05 	5.13147E-05 	4.51493E-05 	3.41270E-05 	
4.25379E-05 	4.86852E-05 	5.39938E-05 	5.66630E-05 	5.98944E-05 	6.31916E-05 	6.34827E-05 	6.34182E-05 	6.20307E-05 	6.16327E-05 	5.99567E-05 	5.61398E-05 	5.29926E-05 	4.65590E-05 	3.53814E-05 	
4.40350E-05 	5.22915E-05 	5.55006E-05 	5.92710E-05 	6.15663E-05 	6.51021E-05 	6.47717E-05 	6.45329E-05 	6.48695E-05 	6.25983E-05 	6.26087E-05 	5.82528E-05 	5.55849E-05 	4.87247E-05 	3.65874E-05 	
4.51068E-05 	5.26974E-05 	5.66583E-05 	6.00053E-05 	6.32503E-05 	6.54027E-05 	6.70819E-05 	6.62540E-05 	6.61940E-05 	6.49344E-05 	6.37081E-05 	5.95820E-05 	5.61745E-05 	5.00115E-05 	3.72715E-05 	
4.59050E-05 	5.38797E-05 	5.74077E-05 	6.06054E-05 	6.38452E-05 	6.54059E-05 	6.75439E-05 	6.62995E-05 	6.64856E-05 	6.53679E-05 	6.34820E-05 	5.98217E-05 	5.66542E-05 	4.95270E-05 	3.75257E-05 	
4.43620E-05 	5.24170E-05 	5.62895E-05 	5.86122E-05 	6.25279E-05 	6.47223E-05 	6.53582E-05 	6.55507E-05 	6.33923E-05 	6.37177E-05 	6.17075E-05 	5.82190E-05 	5.55982E-05 	4.87944E-05 	3.63828E-05 	
4.26547E-05 	4.91360E-05 	5.33480E-05 	5.59194E-05 	5.89139E-05 	6.07102E-05 	6.11509E-05 	6.23251E-05 	6.08604E-05 	6.01818E-05 	5.82917E-05 	5.46976E-05 	5.20771E-05 	4.60898E-05 	3.51004E-05 	
4.51530E-05 	5.22870E-05 	5.62987E-05 	5.96203E-05 	6.21958E-05 	6.29377E-05 	6.45520E-05 	6.44929E-05 	6.33690E-05 	6.41443E-05 	6.16550E-05 	5.71841E-05 	5.48391E-05 	4.85086E-05 	3.64996E-05 	
4.61890E-05 	5.51553E-05 	5.85337E-05 	6.28836E-05 	6.56651E-05 	6.56287E-05 	6.79069E-05 	6.81276E-05 	6.66647E-05 	6.60847E-05 	6.29509E-05 	6.05622E-05 	5.71858E-05 	5.06814E-05 	3.85011E-05 	
4.86790E-05 	5.62848E-05 	6.01263E-05 	6.42721E-05 	6.69307E-05 	6.80756E-05 	6.90420E-05 	7.07018E-05 	6.87541E-05 	6.81765E-05 	6.71406E-05 	6.19764E-05 	5.96919E-05 	5.27877E-05 	3.95954E-05 	
4.98621E-05 	5.81993E-05 	6.15861E-05 	6.59464E-05 	6.84605E-05 	6.99644E-05 	6.96639E-05 	7.08809E-05 	7.04672E-05 	6.87506E-05 	6.72327E-05 	6.35995E-05 	6.03806E-05 	5.35823E-05 	3.95429E-05 	
5.05009E-05 	5.95645E-05 	6.27095E-05 	6.70810E-05 	6.95026E-05 	7.15990E-05 	7.11736E-05 	7.26154E-05 	7.15176E-05 	7.03992E-05 	6.86716E-05 	6.42951E-05 	6.06489E-05 	5.51171E-05 	4.03547E-05 	
5.07731E-05 	5.96853E-05 	6.39460E-05 	6.66320E-05 	6.92777E-05 	7.13083E-05 	7.15916E-05 	7.19194E-05 	7.12151E-05 	6.88115E-05 	6.81733E-05 	6.45012E-05 	6.10347E-05 	5.44822E-05 	3.97540E-05 	
4.89842E-05 	5.87641E-05 	6.09132E-05 	6.52183E-05 	6.80390E-05 	6.95393E-05 	6.87100E-05 	7.01072E-05 	6.96802E-05 	6.91697E-05 	6.54887E-05 	6.36136E-05 	5.90989E-05 	5.39728E-05 	3.90179E-05 	
4.68855E-05 	5.43901E-05 	5.73176E-05 	5.95824E-05 	6.33160E-05 	6.57029E-05 	6.45248E-05 	6.50924E-05 	6.41711E-05 	6.40989E-05 	6.27379E-05 	5.85828E-05 	5.50447E-05 	4.89469E-05 	3.62513E-05 	
5.10338E-05 	5.98883E-05 	6.40370E-05 	6.61879E-05 	6.82886E-05 	7.21617E-05 	7.14821E-05 	7.25472E-05 	6.93733E-05 	7.00573E-05 	6.69483E-05 	6.30275E-05 	6.00401E-05 	5.38982E-05 	4.00195E-05 	
5.30111E-05 	6.21292E-05 	6.54009E-05 	6.66420E-05 	7.25501E-05 	7.35989E-05 	7.27119E-05 	7.37191E-05 	7.10287E-05 	7.23715E-05 	6.94209E-05 	6.64896E-05 	6.09526E-05 	5.45611E-05 	4.16438E-05 	
5.42523E-05 	6.18259E-05 	6.86192E-05 	7.03211E-05 	7.32567E-05 	7.56969E-05 	7.47398E-05 	7.59705E-05 	7.32001E-05 	7.43896E-05 	7.26986E-05 	6.76659E-05 	6.31184E-05 	5.66125E-05 	4.32164E-05 	
5.50723E-05 	6.31894E-05 	6.92579E-05 	7.16753E-05 	7.34101E-05 	7.84984E-05 	7.57324E-05 	7.69303E-05 	7.32416E-05 	7.75634E-05 	7.18752E-05 	6.96998E-05 	6.44834E-05 	5.70155E-05 	4.38914E-05 	
5.57078E-05 	6.49072E-05 	7.09510E-05 	7.32723E-05 	7.48293E-05 	7.77053E-05 	7.78643E-05 	7.75589E-05 	7.40158E-05 	7.72502E-05 	7.37313E-05 	7.00802E-05 	6.25907E-05 	5.91765E-05 	4.46269E-05 	
5.59207E-05 	6.51613E-05 	7.13474E-05 	7.34864E-05 	7.58781E-05 	7.93819E-05 	7.84606E-05 	7.80251E-05 	7.58023E-05 	7.70930E-05 	7.38549E-05 	7.18733E-05 	6.43951E-05 	5.95056E-05 	4.47264E-05 	
5.39521E-05 	6.41599E-05 	6.90385E-05 	7.13308E-05 	7.25479E-05 	7.57570E-05 	7.60196E-05 	7.49036E-05 	7.32289E-05 	7.59541E-05 	7.18686E-05 	6.77187E-05 	6.22455E-05 	5.68578E-05 	4.40852E-05 	
5.10938E-05 	5.98182E-05 	6.54320E-05 	6.80417E-05 	6.69505E-05 	7.08544E-05 	7.32824E-05 	7.11364E-05 	6.88412E-05 	7.03086E-05 	7.01309E-05 	6.40454E-05 	5.99224E-05 	5.50361E-05 	4.06377E-05 	
5.46836E-05 	6.36865E-05 	6.87025E-05 	7.10039E-05 	7.32115E-05 	7.39516E-05 	7.51185E-05 	7.32478E-05 	7.17898E-05 	7.26443E-05 	7.04543E-05 	6.63312E-05 	6.29580E-05 	5.67880E-05 	4.27441E-05 	
5.72160E-05 	6.71307E-05 	7.09726E-05 	7.45115E-05 	7.37579E-05 	7.72065E-05 	8.04303E-05 	7.60339E-05 	7.57669E-05 	7.70339E-05 	7.44961E-05 	7.04857E-05 	6.51726E-05 	5.87449E-05 	4.48951E-05 	
5.93265E-05 	6.79177E-05 	7.27182E-05 	7.73995E-05 	7.62392E-05 	8.00196E-05 	8.18938E-05 	8.02830E-05 	7.83915E-05 	7.97748E-05 	7.70691E-05 	7.18356E-05 	6.77015E-05 	6.09091E-05 	4.64774E-05 	
6.04066E-05 	7.15634E-05 	7.58178E-05 	7.82965E-05 	7.84427E-05 	8.04407E-05 	8.54349E-05 	8.16232E-05 	8.01866E-05 	8.02534E-05 	7.77320E-05 	7.43617E-05 	6.81435E-05 	6.07552E-05 	4.70784E-05 	
6.14095E-05 	7.16867E-05 	7.54506E-05 	7.95577E-05 	8.08473E-05 	8.18145E-05 	8.23778E-05 	8.20397E-05 	7.95073E-05 	8.02499E-05 	7.79186E-05 	7.52883E-05 	6.99693E-05 	6.20266E-05 	4.78136E-05 	
6.22733E-05 	7.22085E-05 	7.64823E-05 	8.11216E-05 	8.03282E-05 	8.42747E-05 	8.46980E-05 	8.48541E-05 	8.22173E-05 	8.20547E-05 	8.01207E-05 	7.64755E-05 	7.06019E-05 	6.36606E-05 	4.76075E-05 	
6.23107E-05 	7.37647E-05 	7.75681E-05 	8.00441E-05 	8.20003E-05 	8.40246E-05 	8.56429E-05 	8.51940E-05 	8.40335E-05 	8.29551E-05 	7.82600E-05 	7.89115E-05 	7.13146E-05 	6.34384E-05 	4.84794E-05 	
6.06396E-05 	7.09910E-05 	7.56641E-05 	7.74843E-05 	7.98066E-05 	8.04176E-05 	8.19921E-05 	8.35564E-05 	7.87207E-05 	7.93940E-05 	7.84620E-05 	7.54552E-05 	6.71369E-05 	6.14140E-05 	4.75607E-05 	
5.87914E-05 	6.85434E-05 	7.05138E-05 	7.49495E-05 	7.54990E-05 	7.73298E-05 	7.94175E-05 	7.98765E-05 	7.73905E-05 	7.60970E-05 	7.22622E-05 	7.17888E-05 	6.57292E-05 	5.91195E-05 	4.39143E-05 	
5.96450E-05 	6.93530E-05 	7.27220E-05 	7.63831E-05 	7.94033E-05 	7.94980E-05 	8.07759E-05 	8.01914E-05 	7.73350E-05 	7.67320E-05 	7.42828E-05 	7.34990E-05 	6.70714E-05 	6.06303E-05 	4.60767E-05 	
6.34955E-05 	7.26757E-05 	7.85586E-05 	8.08018E-05 	8.17350E-05 	8.29151E-05 	8.42197E-05 	8.54510E-05 	8.37085E-05 	8.39114E-05 	7.87999E-05 	7.69034E-05 	6.85874E-05 	6.39877E-05 	4.80387E-05 	
6.62492E-05 	7.53595E-05 	7.86979E-05 	8.28178E-05 	8.53060E-05 	8.43743E-05 	8.75945E-05 	8.66485E-05 	8.60161E-05 	8.32150E-05 	8.25933E-05 	7.68290E-05 	7.31792E-05 	6.41328E-05 	4.73272E-05 	
6.70475E-05 	7.64341E-05 	8.06132E-05 	8.71329E-05 	8.83115E-05 	8.62643E-05 	8.85656E-05 	8.82916E-05 	8.69998E-05 	8.56466E-05 	8.19259E-05 	8.17109E-05 	7.44700E-05 	6.52037E-05 	5.19190E-05 	
6.94721E-05 	7.79103E-05 	8.17157E-05 	8.52531E-05 	8.89406E-05 	8.90519E-05 	9.03156E-05 	8.74963E-05 	9.01530E-05 	8.87297E-05 	8.49156E-05 	8.18387E-05 	7.42628E-05 	6.67719E-05 	4.97483E-05 	
6.94049E-05 	7.90893E-05 	8.44904E-05 	8.98273E-05 	8.99257E-05 	8.84652E-05 	9.24361E-05 	8.88514E-05 	9.11523E-05 	8.75955E-05 	8.61013E-05 	8.31664E-05 	7.66674E-05 	6.63024E-05 	5.11837E-05 	
7.09343E-05 	8.03394E-05 	8.15858E-05 	8.78459E-05 	8.95512E-05 	8.87260E-05 	9.21399E-05 	9.09115E-05 	8.96063E-05 	8.80814E-05 	8.46372E-05 	8.32179E-05 	7.61996E-05 	6.71275E-05 	5.10591E-05 	
6.94187E-05 	8.05186E-05 	8.58671E-05 	8.82248E-05 	9.17555E-05 	9.18706E-05 	9.14826E-05 	8.80647E-05 	9.29325E-05 	8.94188E-05 	8.42722E-05 	8.56220E-05 	7.66343E-05 	6.66252E-05 	5.15450E-05 	
7.09802E-05 	7.91321E-05 	8.11621E-05 	8.59141E-05 	8.86731E-05 	8.87169E-05 	8.97070E-05 	9.04273E-05 	9.03061E-05 	8.72897E-05 	8.38560E-05 	8.20446E-05 	7.49023E-05 	6.57892E-05 	5.09727E-05 	
6.49627E-05 	7.53643E-05 	7.74489E-05 	8.20633E-05 	8.18428E-05 	8.67331E-05 	8.47158E-05 	8.34538E-05 	8.16687E-05 	8.30264E-05 	7.82899E-05 	7.78546E-05 	7.06710E-05 	6.13125E-05 	4.75305E-05 	
6.78643E-05 	7.64678E-05 	7.97848E-05 	8.38905E-05 	8.55853E-05 	8.71800E-05 	8.68275E-05 	8.61252E-05 	8.59710E-05 	8.47748E-05 	8.13967E-05 	7.73366E-05 	7.41135E-05 	6.29508E-05 	4.82864E-05 	
7.37514E-05 	8.17040E-05 	8.31362E-05 	8.68461E-05 	8.96447E-05 	9.38873E-05 	9.18314E-05 	8.92731E-05 	9.07675E-05 	9.06372E-05 	8.59212E-05 	8.26614E-05 	7.73691E-05 	6.76385E-05 	5.09800E-05 	
7.25138E-05 	8.23591E-05 	8.62074E-05 	9.26921E-05 	9.16259E-05 	9.61632E-05 	9.41038E-05 	9.30388E-05 	9.24909E-05 	9.28546E-05 	9.06307E-05 	8.48369E-05 	7.78984E-05 	6.71501E-05 	5.27956E-05 	
7.57712E-05 	8.49554E-05 	8.84516E-05 	9.16883E-05 	9.36264E-05 	9.59817E-05 	9.61105E-05 	9.36442E-05 	9.27084E-05 	9.41894E-05 	9.02813E-05 	8.45072E-05 	8.06759E-05 	6.90594E-05 	5.48870E-05 	
7.52148E-05 	8.72821E-05 	9.00585E-05 	9.38853E-05 	9.55327E-05 	1.01751E-04 	9.82126E-05 	9.66117E-05 	9.55421E-05 	9.49236E-05 	9.20597E-05 	8.78008E-05 	8.17755E-05 	7.14549E-05 	5.40608E-05 	
7.74566E-05 	8.72538E-05 	9.21498E-05 	9.51635E-05 	9.60663E-05 	1.00193E-04 	9.75407E-05 	9.74377E-05 	9.75020E-05 	9.76078E-05 	9.43421E-05 	8.80408E-05 	8.10024E-05 	7.26388E-05 	5.35958E-05 	
7.64959E-05 	8.91732E-05 	9.29420E-05 	9.69296E-05 	9.73779E-05 	1.01488E-04 	1.00580E-04 	9.87632E-05 	9.74538E-05 	9.57034E-05 	9.37023E-05 	9.04194E-05 	8.33212E-05 	7.29213E-05 	5.50271E-05 	
7.74535E-05 	8.79852E-05 	9.26248E-05 	9.63616E-05 	9.94517E-05 	1.00802E-04 	1.00172E-04 	9.84269E-05 	9.89590E-05 	9.79886E-05 	9.47283E-05 	8.81974E-05 	8.44083E-05 	7.29956E-05 	5.41038E-05 	
7.53843E-05 	8.77792E-05 	9.12000E-05 	9.50456E-05 	9.50987E-05 	9.95634E-05 	9.95265E-05 	9.84597E-05 	9.62603E-05 	9.57271E-05 	9.45692E-05 	9.02194E-05 	8.26780E-05 	7.30973E-05 	5.39503E-05 	
7.68527E-05 	9.08789E-05 	9.03960E-05 	9.59000E-05 	9.77506E-05 	9.82606E-05 	9.95591E-05 	9.64962E-05 	9.83811E-05 	9.66876E-05 	9.05295E-05 	8.90056E-05 	8.19116E-05 	7.30542E-05 	5.35892E-05 	
7.04866E-05 	8.09934E-05 	8.59399E-05 	8.79356E-05 	9.08962E-05 	9.14520E-05 	9.42383E-05 	8.99228E-05 	8.99587E-05 	8.98982E-05 	8.48810E-05 	8.00782E-05 	7.58776E-05 	6.67992E-05 	5.06729E-05 	
7.46674E-05 	8.75490E-05 	8.75557E-05 	9.35763E-05 	9.51472E-05 	9.44050E-05 	9.63860E-05 	9.40356E-05 	9.29893E-05 	9.51519E-05 	8.75021E-05 	8.72300E-05 	7.96165E-05 	6.98985E-05 	5.20509E-05 	
7.89605E-05 	8.87506E-05 	9.52675E-05 	9.56363E-05 	1.02071E-04 	9.90196E-05 	1.02556E-04 	9.96765E-05 	9.61685E-05 	9.97596E-05 	9.50816E-05 	8.86090E-05 	8.14946E-05 	7.44902E-05 	5.44067E-05 	
7.97755E-05 	9.11264E-05 	9.62188E-05 	9.76863E-05 	1.00884E-04 	1.02427E-04 	1.01625E-04 	1.01938E-04 	1.02170E-04 	1.00011E-04 	9.48013E-05 	8.92306E-05 	8.48890E-05 	7.28478E-05 	5.59023E-05 	
8.11273E-05 	9.22160E-05 	9.78195E-05 	9.85484E-05 	1.05078E-04 	1.01893E-04 	1.03729E-04 	1.05579E-04 	1.00503E-04 	1.00939E-04 	9.80482E-05 	9.26787E-05 	8.60818E-05 	7.84612E-05 	5.72454E-05 	
8.25742E-05 	9.43063E-05 	1.00921E-04 	1.02808E-04 	1.05272E-04 	1.03638E-04 	1.07740E-04 	1.09004E-04 	1.04357E-04 	1.03385E-04 	9.98468E-05 	9.10320E-05 	8.65179E-05 	7.61080E-05 	5.61535E-05 	
8.65089E-05 	9.44021E-05 	1.01647E-04 	1.03438E-04 	1.05583E-04 	1.05423E-04 	1.05176E-04 	1.05473E-04 	1.04416E-04 	1.04401E-04 	1.02150E-04 	9.36401E-05 	8.86956E-05 	8.19508E-05 	5.91403E-05 	
8.47848E-05 	9.70529E-05 	1.01655E-04 	1.05876E-04 	1.08453E-04 	1.08640E-04 	1.09089E-04 	1.10930E-04 	1.06794E-04 	1.03707E-04 	1.01354E-04 	9.46618E-05 	8.83488E-05 	7.73169E-05 	5.87941E-05 	
8.59131E-05 	9.45176E-05 	1.03005E-04 	1.01000E-04 	1.07140E-04 	1.05034E-04 	1.05875E-04 	1.09297E-04 	1.04691E-04 	1.04277E-04 	1.02436E-04 	9.55762E-05 	8.71296E-05 	8.19465E-05 	5.99823E-05 	
8.81759E-05 	9.88407E-05 	1.04165E-04 	1.08613E-04 	1.09125E-04 	1.12136E-04 	1.10957E-04 	1.11050E-04 	1.09691E-04 	1.06157E-04 	1.04557E-04 	9.59129E-05 	9.13631E-05 	8.13129E-05 	5.95743E-05 	
8.48350E-05 	9.07570E-05 	9.95403E-05 	1.01032E-04 	1.04368E-04 	1.03126E-04 	1.01203E-04 	1.03934E-04 	1.04632E-04 	1.03226E-04 	1.00186E-04 	9.35181E-05 	8.63446E-05 	7.78376E-05 	5.77083E-05 	
8.32415E-05 	9.66993E-05 	9.95347E-05 	1.02434E-04 	1.05546E-04 	1.08140E-04 	1.07413E-04 	1.08287E-04 	1.04466E-04 	1.02393E-04 	1.01807E-04 	9.40253E-05 	8.76808E-05 	7.79169E-05 	6.01961E-05 	
8.06541E-05 	9.14995E-05 	9.55757E-05 	9.54160E-05 	9.90712E-05 	9.78352E-05 	9.60581E-05 	9.89470E-05 	9.70017E-05 	9.52536E-05 	9.20455E-05 	8.88392E-05 	8.12087E-05 	7.30582E-05 	5.56635E-05 	
8.25986E-05 	9.25944E-05 	9.82626E-05 	1.03984E-04 	1.02823E-04 	1.04996E-04 	1.06455E-04 	1.05890E-04 	1.03933E-04 	1.04355E-04 	1.00210E-04 	9.46975E-05 	8.64192E-05 	7.51832E-05 	5.87170E-05 	
8.59075E-05 	1.01684E-04 	1.02617E-04 	1.05017E-04 	1.08333E-04 	1.09534E-04 	1.08647E-04 	1.08416E-04 	1.07357E-04 	1.04949E-04 	1.00088E-04 	9.51531E-05 	9.11722E-05 	8.06506E-05 	6.12537E-05 	
8.88858E-05 	9.93608E-05 	1.04131E-04 	1.06401E-04 	1.10684E-04 	1.10001E-04 	1.10031E-04 	1.13126E-04 	1.11566E-04 	1.07975E-04 	1.04704E-04 	1.00959E-04 	9.08682E-05 	8.10244E-05 	6.17198E-05 	
8.81595E-05 	1.01632E-04 	1.05931E-04 	1.12013E-04 	1.10806E-04 	1.11438E-04 	1.13872E-04 	1.12294E-04 	1.11108E-04 	1.11496E-04 	1.05292E-04 	1.01109E-04 	9.11642E-05 	8.11296E-05 	6.37082E-05 	
9.32335E-05 	1.04489E-04 	1.08997E-04 	1.10560E-04 	1.13413E-04 	1.10874E-04 	1.15511E-04 	1.13592E-04 	1.13780E-04 	1.09713E-04 	1.06093E-04 	1.03189E-04 	9.24308E-05 	8.45193E-05 	6.42114E-05 	
9.14458E-05 	1.01641E-04 	1.08523E-04 	1.14118E-04 	1.14443E-04 	1.17005E-04 	1.18658E-04 	1.15869E-04 	1.14810E-04 	1.14331E-04 	1.11387E-04 	1.02682E-04 	9.69016E-05 	8.43037E-05 	6.52861E-05 	
9.42969E-05 	1.05620E-04 	1.12553E-04 	1.13777E-04 	1.14877E-04 	1.15550E-04 	1.16399E-04 	1.18962E-04 	1.17117E-04 	1.14282E-04 	1.07549E-04 	1.06546E-04 	9.34389E-05 	8.36252E-05 	6.40051E-05 	
9.59204E-05 	1.04411E-04 	1.12762E-04 	1.12926E-04 	1.16743E-04 	1.17807E-04 	1.22234E-04 	1.15671E-04 	1.17048E-04 	1.14279E-04 	1.11517E-04 	1.04067E-04 	9.80275E-05 	8.58014E-05 	6.65377E-05 	
9.48027E-05 	1.05685E-04 	1.13091E-04 	1.14228E-04 	1.16034E-04 	1.18363E-04 	1.18663E-04 	1.20500E-04 	1.18533E-04 	1.13721E-04 	1.11549E-04 	1.05212E-04 	9.57878E-05 	8.54641E-05 	6.41060E-05 	
9.65772E-05 	1.06015E-04 	1.12138E-04 	1.14218E-04 	1.15767E-04 	1.16626E-04 	1.22745E-04 	1.17655E-04 	1.16843E-04 	1.16867E-04 	1.12350E-04 	1.08951E-04 	9.75721E-05 	8.70539E-05 	6.62054E-05 	
9.27337E-05 	1.01536E-04 	1.08356E-04 	1.11423E-04 	1.11266E-04 	1.16227E-04 	1.14568E-04 	1.17244E-04 	1.15125E-04 	1.10052E-04 	1.07372E-04 	1.00492E-04 	9.22489E-05 	8.09841E-05 	6.37747E-05 	
9.17252E-05 	1.02895E-04 	1.10923E-04 	1.13211E-04 	1.13134E-04 	1.13646E-04 	1.15876E-04 	1.16702E-04 	1.10566E-04 	1.12137E-04 	1.08816E-04 	1.06504E-04 	9.44967E-05 	8.39473E-05 	6.20027E-05 	
8.80845E-05 	9.84553E-05 	1.00022E-04 	1.07209E-04 	1.07013E-04 	1.05442E-04 	1.10191E-04 	1.05781E-04 	1.07222E-04 	1.05685E-04 	1.00062E-04 	9.54223E-05 	8.84990E-05 	7.68586E-05 	6.07544E-05 	
9.07690E-05 	1.01907E-04 	1.07599E-04 	1.13679E-04 	1.12661E-04 	1.15761E-04 	1.17162E-04 	1.15599E-04 	1.13936E-04 	1.15839E-04 	1.09047E-04 	1.03016E-04 	9.51888E-05 	8.38900E-05 	6.16094E-05 	
9.60574E-05 	1.07648E-04 	1.11617E-04 	1.14764E-04 	1.19562E-04 	1.18148E-04 	1.23853E-04 	1.20327E-04 	1.17446E-04 	1.15295E-04 	1.09824E-04 	1.07383E-04 	9.94384E-05 	8.35695E-05 	6.65607E-05 	
9.67103E-05 	1.07432E-04 	1.11418E-04 	1.19891E-04 	1.15767E-04 	1.18286E-04 	1.21538E-04 	1.17305E-04 	1.17673E-04 	1.19039E-04 	1.12961E-04 	1.10520E-04 	9.95082E-05 	8.88105E-05 	6.52010E-05 	
9.88296E-05 	1.06658E-04 	1.16920E-04 	1.20461E-04 	1.20568E-04 	1.21761E-04 	1.22668E-04 	1.23756E-04 	1.24519E-04 	1.21331E-04 	1.15096E-04 	1.09673E-04 	1.01137E-04 	8.80603E-05 	6.77483E-05 	
9.96428E-05 	1.08880E-04 	1.17340E-04 	1.21100E-04 	1.23132E-04 	1.21722E-04 	1.28973E-04 	1.23020E-04 	1.22949E-04 	1.19291E-04 	1.17082E-04 	1.13093E-04 	1.05574E-04 	9.27743E-05 	6.84039E-05 	
1.03183E-04 	1.10583E-04 	1.18480E-04 	1.21167E-04 	1.21611E-04 	1.25621E-04 	1.23521E-04 	1.23075E-04 	1.27861E-04 	1.22766E-04 	1.18650E-04 	1.09996E-04 	1.05804E-04 	8.92903E-05 	6.76154E-05 	
1.02166E-04 	1.09848E-04 	1.18777E-04 	1.24496E-04 	1.27168E-04 	1.23917E-04 	1.26305E-04 	1.28783E-04 	1.26890E-04 	1.23304E-04 	1.21662E-04 	1.17227E-04 	1.03856E-04 	9.34456E-05 	6.95265E-05 	
1.03301E-04 	1.09624E-04 	1.18925E-04 	1.22420E-04 	1.27590E-04 	1.29734E-04 	1.25930E-04 	1.24972E-04 	1.27501E-04 	1.26501E-04 	1.21030E-04 	1.11996E-04 	1.09189E-04 	9.52992E-05 	6.88558E-05 	
1.00908E-04 	1.16723E-04 	1.16810E-04 	1.22076E-04 	1.28739E-04 	1.26875E-04 	1.28485E-04 	1.32128E-04 	1.25739E-04 	1.28772E-04 	1.22709E-04 	1.16486E-04 	1.03918E-04 	9.35202E-05 	6.94951E-05 	
1.04013E-04 	1.12757E-04 	1.22306E-04 	1.28424E-04 	1.29435E-04 	1.29258E-04 	1.29586E-04 	1.27450E-04 	1.31377E-04 	1.27873E-04 	1.22570E-04 	1.15294E-04 	1.06790E-04 	9.45475E-05 	7.08669E-05 	
9.93754E-05 	1.16101E-04 	1.15970E-04 	1.21966E-04 	1.27958E-04 	1.28333E-04 	1.27090E-04 	1.25878E-04 	1.25335E-04 	1.30754E-04 	1.18858E-04 	1.14589E-04 	1.07440E-04 	9.58015E-05 	6.80586E-05 	
1.00630E-04 	1.12380E-04 	1.15664E-04 	1.23122E-04 	1.25955E-04 	1.26815E-04 	1.26831E-04 	1.25546E-04 	1.26414E-04 	1.26892E-04 	1.17871E-04 	1.13703E-04 	1.04196E-04 	9.12459E-05 	6.86648E-05 	
9.51549E-05 	1.16119E-04 	1.15909E-04 	1.23321E-04 	1.24797E-04 	1.24688E-04 	1.24534E-04 	1.19985E-04 	1.23114E-04 	1.26050E-04 	1.20687E-04 	1.12972E-04 	1.02572E-04 	9.43102E-05 	6.81261E-05 	
9.21728E-05 	1.02391E-04 	1.06674E-04 	1.12960E-04 	1.12867E-04 	1.19005E-04 	1.20366E-04 	1.17039E-04 	1.18010E-04 	1.16456E-04 	1.08901E-04 	1.07004E-04 	9.97897E-05 	8.53029E-05 	6.71238E-05 	
9.70203E-05 	1.11612E-04 	1.16919E-04 	1.21037E-04 	1.26538E-04 	1.26617E-04 	1.24911E-04 	1.23339E-04 	1.22098E-04 	1.25142E-04 	1.20451E-04 	1.11037E-04 	9.94815E-05 	9.04188E-05 	6.89498E-05 	
1.00107E-04 	1.14030E-04 	1.15898E-04 	1.25226E-04 	1.26715E-04 	1.31614E-04 	1.27121E-04 	1.25277E-04 	1.28618E-04 	1.30236E-04 	1.22411E-04 	1.13171E-04 	1.09651E-04 	9.40687E-05 	7.13538E-05 	
1.01079E-04 	1.14003E-04 	1.20235E-04 	1.24825E-04 	1.32337E-04 	1.29739E-04 	1.32121E-04 	1.29252E-04 	1.33502E-04 	1.28249E-04 	1.25343E-04 	1.19429E-04 	1.08747E-04 	9.54297E-05 	7.25437E-05 	
1.03280E-04 	1.13889E-04 	1.20634E-04 	1.25851E-04 	1.28580E-04 	1.35967E-04 	1.31159E-04 	1.29314E-04 	1.28404E-04 	1.29972E-04 	1.27811E-04 	1.19678E-04 	1.08208E-04 	9.75539E-05 	7.35274E-05 	
1.04649E-04 	1.18200E-04 	1.20988E-04 	1.31699E-04 	1.34181E-04 	1.32763E-04 	1.36758E-04 	1.35200E-04 	1.35534E-04 	1.34946E-04 	1.30759E-04 	1.19365E-04 	1.14466E-04 	1.00562E-04 	7.43640E-05 	
1.05740E-04 	1.16573E-04 	1.24476E-04 	1.26773E-04 	1.34718E-04 	1.41597E-04 	1.32816E-04 	1.35414E-04 	1.30368E-04 	1.31836E-04 	1.31095E-04 	1.22299E-04 	1.14726E-04 	1.01947E-04 	7.39326E-05 	
1.06963E-04 	1.16716E-04 	1.19856E-04 	1.30735E-04 	1.38975E-04 	1.35012E-04 	1.37537E-04 	1.36088E-04 	1.39979E-04 	1.34732E-04 	1.32027E-04 	1.25795E-04 	1.17722E-04 	1.01865E-04 	7.51625E-05 	
1.04930E-04 	1.18246E-04 	1.26254E-04 	1.32992E-04 	1.33615E-04 	1.39090E-04 	1.35630E-04 	1.37584E-04 	1.37355E-04 	1.34771E-04 	1.32017E-04 	1.23655E-04 	1.17955E-04 	1.03154E-04 	7.55895E-05 	
1.07906E-04 	1.19023E-04 	1.24278E-04 	1.29139E-04 	1.38205E-04 	1.41087E-04 	1.44591E-04 	1.38375E-04 	1.37112E-04 	1.36496E-04 	1.37162E-04 	1.25767E-04 	1.16275E-04 	1.04596E-04 	7.84149E-05 	
1.06952E-04 	1.21270E-04 	1.23467E-04 	1.31712E-04 	1.39336E-04 	1.40020E-04 	1.38513E-04 	1.35738E-04 	1.42354E-04 	1.38285E-04 	1.30325E-04 	1.28717E-04 	1.16571E-04 	1.03934E-04 	7.44098E-05 	
1.09768E-04 	1.16581E-04 	1.28067E-04 	1.32969E-04 	1.39399E-04 	1.43205E-04 	1.41638E-04 	1.38586E-04 	1.39478E-04 	1.38822E-04 	1.38172E-04 	1.30898E-04 	1.19463E-04 	1.05241E-04 	7.92646E-05 	
1.07093E-04 	1.21373E-04 	1.23883E-04 	1.29303E-04 	1.37642E-04 	1.35165E-04 	1.42738E-04 	1.42503E-04 	1.37333E-04 	1.38383E-04 	1.37716E-04 	1.24763E-04 	1.17476E-04 	1.04914E-04 	7.70602E-05 	
1.02646E-04 	1.12439E-04 	1.20281E-04 	1.26479E-04 	1.34298E-04 	1.36553E-04 	1.34103E-04 	1.31665E-04 	1.33812E-04 	1.34853E-04 	1.31539E-04 	1.26288E-04 	1.16699E-04 	1.01402E-04 	7.50147E-05 	
1.06021E-04 	1.15751E-04 	1.20987E-04 	1.33288E-04 	1.40003E-04 	1.43724E-04 	1.39553E-04 	1.41121E-04 	1.39129E-04 	1.37462E-04 	1.36834E-04 	1.28858E-04 	1.18845E-04 	1.02746E-04 	7.73665E-05 	
1.00158E-04 	1.08928E-04 	1.17578E-04 	1.13177E-04 	1.23744E-04 	1.27933E-04 	1.27534E-04 	1.29700E-04 	1.25152E-04 	1.27007E-04 	1.26419E-04 	1.15609E-04 	1.11635E-04 	9.70026E-05 	6.86194E-05 	
9.71545E-05 	1.08786E-04 	1.09708E-04 	1.22285E-04 	1.29361E-04 	1.31510E-04 	1.29694E-04 	1.27418E-04 	1.31622E-04 	1.28221E-04 	1.26106E-04 	1.22388E-04 	1.07658E-04 	9.65839E-05 	6.92664E-05 	
1.10336E-04 	1.16670E-04 	1.22866E-04 	1.28035E-04 	1.34791E-04 	1.40022E-04 	1.42425E-04 	1.39751E-04 	1.38338E-04 	1.42500E-04 	1.32446E-04 	1.31342E-04 	1.20656E-04 	1.06142E-04 	7.90785E-05 	
1.06466E-04 	1.14211E-04 	1.25875E-04 	1.28076E-04 	1.34809E-04 	1.44159E-04 	1.38668E-04 	1.40435E-04 	1.38838E-04 	1.34783E-04 	1.35298E-04 	1.30099E-04 	1.22192E-04 	1.02343E-04 	7.30029E-05 	
1.08342E-04 	1.16839E-04 	1.21899E-04 	1.31315E-04 	1.38534E-04 	1.38895E-04 	1.41978E-04 	1.46939E-04 	1.43746E-04 	1.41616E-04 	1.38668E-04 	1.29259E-04 	1.20122E-04 	1.07997E-04 	7.46316E-05 	
1.09626E-04 	1.20038E-04 	1.23872E-04 	1.28876E-04 	1.40261E-04 	1.46051E-04 	1.44721E-04 	1.43212E-04 	1.43799E-04 	1.45783E-04 	1.46114E-04 	1.33125E-04 	1.23249E-04 	1.11146E-04 	7.80709E-05 	
1.09944E-04 	1.15045E-04 	1.27567E-04 	1.34903E-04 	1.39137E-04 	1.40018E-04 	1.44728E-04 	1.42035E-04 	1.47803E-04 	1.42450E-04 	1.43701E-04 	1.35808E-04 	1.27594E-04 	1.08715E-04 	7.78276E-05 	
1.07739E-04 	1.23531E-04 	1.26974E-04 	1.30693E-04 	1.41680E-04 	1.45630E-04 	1.48529E-04 	1.52084E-04 	1.45681E-04 	1.45444E-04 	1.46489E-04 	1.37718E-04 	1.24590E-04 	1.14347E-04 	7.70142E-05 	
1.11219E-04 	1.20007E-04 	1.26053E-04 	1.34971E-04 	1.41145E-04 	1.45671E-04 	1.46978E-04 	1.47578E-04 	1.48439E-04 	1.49229E-04 	1.46955E-04 	1.36385E-04 	1.29649E-04 	1.13838E-04 	7.86850E-05 	
1.08647E-04 	1.25164E-04 	1.31631E-04 	1.27694E-04 	1.42211E-04 	1.43478E-04 	1.50908E-04 	1.49352E-04 	1.51015E-04 	1.48596E-04 	1.49200E-04 	1.38879E-04 	1.31290E-04 	1.12264E-04 	8.09011E-05 	
1.04626E-04 	1.23159E-04 	1.29595E-04 	1.35585E-04 	1.42038E-04 	1.52664E-04 	1.51930E-04 	1.49127E-04 	1.49204E-04 	1.49953E-04 	1.47831E-04 	1.38255E-04 	1.27236E-04 	1.14183E-04 	7.99390E-05 	
1.08223E-04 	1.22291E-04 	1.27595E-04 	1.34184E-04 	1.38755E-04 	1.41766E-04 	1.48105E-04 	1.53580E-04 	1.54618E-04 	1.52696E-04 	1.47865E-04 	1.44132E-04 	1.33969E-04 	1.14675E-04 	8.16116E-05 	
1.08040E-04 	1.18917E-04 	1.32257E-04 	1.27313E-04 	1.41042E-04 	1.51280E-04 	1.47789E-04 	1.49712E-04 	1.50147E-04 	1.51331E-04 	1.48831E-04 	1.40068E-04 	1.30525E-04 	1.16127E-04 	8.03154E-05 	
1.08608E-04 	1.24084E-04 	1.32636E-04 	1.35383E-04 	1.44992E-04 	1.50197E-04 	1.55555E-04 	1.60714E-04 	1.55659E-04 	1.56740E-04 	1.55812E-04 	1.45341E-04 	1.31873E-04 	1.14105E-04 	8.21012E-05 	
1.05560E-04 	1.14896E-04 	1.25870E-04 	1.24655E-04 	1.31504E-04 	1.41124E-04 	1.42760E-04 	1.46018E-04 	1.46876E-04 	1.46507E-04 	1.41581E-04 	1.38356E-04 	1.28760E-04 	1.14239E-04 	8.15081E-05 	
1.05058E-04 	1.17241E-04 	1.29894E-04 	1.32198E-04 	1.39487E-04 	1.49387E-04 	1.44882E-04 	1.54513E-04 	1.50985E-04 	1.48482E-04 	1.53189E-04 	1.43289E-04 	1.30273E-04 	1.15176E-04 	8.13438E-05 	
1.02010E-04 	1.14049E-04 	1.23408E-04 	1.24567E-04 	1.31456E-04 	1.39671E-04 	1.43622E-04 	1.49598E-04 	1.47635E-04 	1.49634E-04 	1.44576E-04 	1.39368E-04 	1.29851E-04 	1.11947E-04 	7.69675E-05 	
9.66617E-05 	1.09108E-04 	1.20351E-04 	1.20532E-04 	1.27501E-04 	1.34981E-04 	1.32691E-04 	1.37893E-04 	1.40784E-04 	1.40349E-04 	1.36827E-04 	1.29172E-04 	1.22831E-04 	1.07252E-04 	7.63940E-05 	
1.00879E-04 	1.06296E-04 	1.19973E-04 	1.26365E-04 	1.29243E-04 	1.39163E-04 	1.37693E-04 	1.44863E-04 	1.47138E-04 	1.43571E-04 	1.42332E-04 	1.38391E-04 	1.23879E-04 	1.11387E-04 	7.82086E-05 	
1.01510E-04 	1.12074E-04 	1.25974E-04 	1.31264E-04 	1.35086E-04 	1.41644E-04 	1.52672E-04 	1.51281E-04 	1.52159E-04 	1.53475E-04 	1.54555E-04 	1.44546E-04 	1.37995E-04 	1.14711E-04 	8.56038E-05 	
1.03190E-04 	1.21279E-04 	1.24577E-04 	1.34177E-04 	1.43386E-04 	1.40897E-04 	1.47789E-04 	1.51305E-04 	1.56887E-04 	1.47790E-04 	1.53870E-04 	1.44897E-04 	1.32781E-04 	1.17850E-04 	8.41074E-05 	
1.06423E-04 	1.11937E-04 	1.24624E-04 	1.31776E-04 	1.32872E-04 	1.44671E-04 	1.50520E-04 	1.55321E-04 	1.59173E-04 	1.58615E-04 	1.52780E-04 	1.46114E-04 	1.36835E-04 	1.19656E-04 	8.63383E-05 	
1.03327E-04 	1.15726E-04 	1.26286E-04 	1.35023E-04 	1.33537E-04 	1.44625E-04 	1.47412E-04 	1.48854E-04 	1.61931E-04 	1.55507E-04 	1.55863E-04 	1.52095E-04 	1.46522E-04 	1.18033E-04 	8.91325E-05 	
1.05437E-04 	1.18444E-04 	1.27307E-04 	1.34480E-04 	1.41842E-04 	1.42872E-04 	1.52296E-04 	1.53743E-04 	1.59710E-04 	1.59711E-04 	1.56878E-04 	1.53516E-04 	1.40043E-04 	1.22769E-04 	8.64581E-05 	
1.03834E-04 	1.17072E-04 	1.23128E-04 	1.32829E-04 	1.39212E-04 	1.45730E-04 	1.50838E-04 	1.56511E-04 	1.60630E-04 	1.58900E-04 	1.58053E-04 	1.50459E-04 	1.45204E-04 	1.21864E-04 	9.32506E-05 	
1.06652E-04 	1.16442E-04 	1.27239E-04 	1.34676E-04 	1.41570E-04 	1.46320E-04 	1.50471E-04 	1.55040E-04 	1.66309E-04 	1.62679E-04 	1.59511E-04 	1.55941E-04 	1.43433E-04 	1.24140E-04 	8.90783E-05 	
1.02854E-04 	1.18254E-04 	1.22568E-04 	1.32488E-04 	1.39474E-04 	1.44797E-04 	1.54395E-04 	1.55409E-04 	1.58993E-04 	1.67167E-04 	1.63621E-04 	1.52722E-04 	1.53060E-04 	1.30591E-04 	9.40653E-05 	
1.05220E-04 	1.20124E-04 	1.23390E-04 	1.38297E-04 	1.41294E-04 	1.46592E-04 	1.48475E-04 	1.54602E-04 	1.63950E-04 	1.59536E-04 	1.55214E-04 	1.59024E-04 	1.47389E-04 	1.22738E-04 	9.32531E-05 	
1.00960E-04 	1.15879E-04 	1.21833E-04 	1.32889E-04 	1.37080E-04 	1.42198E-04 	1.47927E-04 	1.61489E-04 	1.67308E-04 	1.69709E-04 	1.70271E-04 	1.62957E-04 	1.50207E-04 	1.32136E-04 	9.24416E-05 	
1.03890E-04 	1.11975E-04 	1.20968E-04 	1.29967E-04 	1.41779E-04 	1.48306E-04 	1.50875E-04 	1.55920E-04 	1.56523E-04 	1.64599E-04 	1.61665E-04 	1.52640E-04 	1.54602E-04 	1.27540E-04 	9.40663E-05 	
1.09333E-04 	1.17688E-04 	1.27715E-04 	1.35944E-04 	1.38338E-04 	1.48691E-04 	1.47973E-04 	1.56895E-04 	1.65769E-04 	1.64993E-04 	1.61373E-04 	1.63825E-04 	1.51478E-04 	1.30807E-04 	9.69561E-05 	
1.02480E-04 	1.16769E-04 	1.22400E-04 	1.33612E-04 	1.44163E-04 	1.44127E-04 	1.51852E-04 	1.57855E-04 	1.65273E-04 	1.74081E-04 	1.66010E-04 	1.64408E-04 	1.51948E-04 	1.36550E-04 	9.28380E-05 	
1.03378E-04 	1.11121E-04 	1.16102E-04 	1.25723E-04 	1.29393E-04 	1.37801E-04 	1.43403E-04 	1.50090E-04 	1.52565E-04 	1.63509E-04 	1.60317E-04 	1.50118E-04 	1.51349E-04 	1.28325E-04 	9.01098E-05 	
1.02707E-04 	1.09984E-04 	1.21104E-04 	1.25613E-04 	1.37701E-04 	1.45338E-04 	1.45734E-04 	1.56985E-04 	1.62762E-04 	1.66771E-04 	1.59881E-04 	1.61215E-04 	1.50878E-04 	1.33068E-04 	9.50374E-05 	
9.99809E-05 	1.08843E-04 	1.19701E-04 	1.25921E-04 	1.34527E-04 	1.34203E-04 	1.44750E-04 	1.45187E-04 	1.52828E-04 	1.63963E-04 	1.54797E-04 	1.54791E-04 	1.49982E-04 	1.29709E-04 	8.54352E-05 	
9.38278E-05 	1.02317E-04 	1.10012E-04 	1.16326E-04 	1.20291E-04 	1.32852E-04 	1.32539E-04 	1.45719E-04 	1.53061E-04 	1.52930E-04 	1.53528E-04 	1.47414E-04 	1.41522E-04 	1.25552E-04 	8.91030E-05 	
9.75575E-05 	1.03456E-04 	1.09051E-04 	1.16448E-04 	1.30777E-04 	1.29768E-04 	1.33416E-04 	1.37924E-04 	1.47055E-04 	1.51011E-04 	1.53316E-04 	1.48857E-04 	1.37777E-04 	1.24545E-04 	8.64964E-05 	
9.86860E-05 	1.08975E-04 	1.12402E-04 	1.28023E-04 	1.31887E-04 	1.35066E-04 	1.48032E-04 	1.47478E-04 	1.53408E-04 	1.64841E-04 	1.62209E-04 	1.59602E-04 	1.56534E-04 	1.33843E-04 	9.04576E-05 	
9.99100E-05 	1.06492E-04 	1.19493E-04 	1.25677E-04 	1.24940E-04 	1.35425E-04 	1.38266E-04 	1.56003E-04 	1.61155E-04 	1.67556E-04 	1.67090E-04 	1.57724E-04 	1.54149E-04 	1.35751E-04 	9.41674E-05 	
9.65828E-05 	1.07932E-04 	1.13554E-04 	1.23980E-04 	1.36192E-04 	1.42471E-04 	1.46333E-04 	1.50225E-04 	1.57345E-04 	1.59516E-04 	1.69964E-04 	1.64407E-04 	1.55439E-04 	1.42079E-04 	9.35994E-05 	
1.04581E-04 	1.05661E-04 	1.11172E-04 	1.22135E-04 	1.29362E-04 	1.34023E-04 	1.51372E-04 	1.48622E-04 	1.63331E-04 	1.64631E-04 	1.66783E-04 	1.62197E-04 	1.56082E-04 	1.41664E-04 	9.74996E-05 	
9.49870E-05 	1.09219E-04 	1.16803E-04 	1.16731E-04 	1.25579E-04 	1.30433E-04 	1.42387E-04 	1.53009E-04 	1.57650E-04 	1.70007E-04 	1.72898E-04 	1.67321E-04 	1.58343E-04 	1.40507E-04 	9.65864E-05 	
9.75552E-05 	1.10709E-04 	1.13250E-04 	1.20869E-04 	1.30806E-04 	1.36603E-04 	1.42226E-04 	1.54284E-04 	1.54412E-04 	1.64882E-04 	1.68816E-04 	1.65668E-04 	1.59926E-04 	1.46627E-04 	1.00095E-04 	
9.92520E-05 	1.06707E-04 	1.11517E-04 	1.20452E-04 	1.31523E-04 	1.37026E-04 	1.47765E-04 	1.53101E-04 	1.57812E-04 	1.65749E-04 	1.76253E-04 	1.71606E-04 	1.65936E-04 	1.44278E-04 	1.01503E-04 	
9.71327E-05 	1.04609E-04 	1.13172E-04 	1.15454E-04 	1.28445E-04 	1.28268E-04 	1.43908E-04 	1.54811E-04 	1.55453E-04 	1.66715E-04 	1.72101E-04 	1.69063E-04 	1.61565E-04 	1.47297E-04 	1.02349E-04 	
9.86891E-05 	1.03470E-04 	1.13107E-04 	1.17578E-04 	1.26479E-04 	1.35405E-04 	1.44684E-04 	1.54546E-04 	1.60431E-04 	1.70118E-04 	1.69040E-04 	1.70907E-04 	1.61318E-04 	1.46184E-04 	1.01836E-04 	
9.72343E-05 	1.05603E-04 	1.10317E-04 	1.16962E-04 	1.27425E-04 	1.32666E-04 	1.46658E-04 	1.51695E-04 	1.56281E-04 	1.66553E-04 	1.67601E-04 	1.76696E-04 	1.65753E-04 	1.48585E-04 	1.01635E-04 	
9.62495E-05 	1.07530E-04 	1.09578E-04 	1.15559E-04 	1.31277E-04 	1.28619E-04 	1.38467E-04 	1.58854E-04 	1.49986E-04 	1.65860E-04 	1.75725E-04 	1.76934E-04 	1.68416E-04 	1.51358E-04 	1.08138E-04 	
9.64406E-05 	1.02024E-04 	1.10651E-04 	1.13312E-04 	1.23521E-04 	1.29148E-04 	1.34254E-04 	1.48880E-04 	1.54435E-04 	1.66983E-04 	1.75050E-04 	1.69243E-04 	1.64651E-04 	1.48678E-04 	1.04692E-04 	
9.71847E-05 	9.93716E-05 	1.09179E-04 	1.15086E-04 	1.26154E-04 	1.34041E-04 	1.42490E-04 	1.50887E-04 	1.56551E-04 	1.70766E-04 	1.65073E-04 	1.76398E-04 	1.65751E-04 	1.47289E-04 	1.02126E-04 	
9.45722E-05 	1.05692E-04 	1.05701E-04 	1.16169E-04 	1.22558E-04 	1.31914E-04 	1.37453E-04 	1.54485E-04 	1.53066E-04 	1.63822E-04 	1.72425E-04 	1.78423E-04 	1.70155E-04 	1.54338E-04 	1.09966E-04 	
8.94257E-05 	9.88242E-05 	1.04102E-04 	1.12247E-04 	1.19611E-04 	1.21741E-04 	1.29583E-04 	1.45553E-04 	1.55770E-04 	1.57580E-04 	1.65482E-04 	1.70143E-04 	1.66012E-04 	1.53129E-04 	1.00655E-04 	
9.19312E-05 	9.60718E-05 	1.05464E-04 	1.03214E-04 	1.10873E-04 	1.27153E-04 	1.37006E-04 	1.39009E-04 	1.41704E-04 	1.58759E-04 	1.66644E-04 	1.64841E-04 	1.61984E-04 	1.45841E-04 	1.00053E-04 	
9.78142E-05 	9.98070E-05 	1.05061E-04 	1.09984E-04 	1.16864E-04 	1.26580E-04 	1.31374E-04 	1.48217E-04 	1.53087E-04 	1.59314E-04 	1.69694E-04 	1.69245E-04 	1.72957E-04 	1.56646E-04 	1.07965E-04 	
8.51997E-05 	9.27528E-05 	9.67557E-05 	1.03592E-04 	1.12543E-04 	1.15338E-04 	1.24549E-04 	1.32984E-04 	1.41242E-04 	1.48601E-04 	1.60686E-04 	1.58412E-04 	1.58681E-04 	1.44552E-04 	9.97581E-05 	
8.38830E-05 	8.36071E-05 	9.43559E-05 	9.76812E-05 	1.02680E-04 	1.14215E-04 	1.23270E-04 	1.26456E-04 	1.33932E-04 	1.43097E-04 	1.52079E-04 	1.56973E-04 	1.56508E-04 	1.41546E-04 	9.61992E-05 	
8.06932E-05 	9.00734E-05 	9.82293E-05 	9.78629E-05 	1.04635E-04 	1.10200E-04 	1.17745E-04 	1.31306E-04 	1.35766E-04 	1.44333E-04 	1.52291E-04 	1.55560E-04 	1.56841E-04 	1.40065E-04 	9.99091E-05 	
9.17686E-05 	9.59726E-05 	9.64743E-05 	1.02128E-04 	1.09933E-04 	1.19791E-04 	1.25096E-04 	1.31037E-04 	1.44768E-04 	1.50200E-04 	1.60471E-04 	1.63621E-04 	1.62597E-04 	1.55298E-04 	1.06980E-04 	
8.56147E-05 	9.61611E-05 	9.82892E-05 	1.03690E-04 	1.02222E-04 	1.14867E-04 	1.22051E-04 	1.32474E-04 	1.39689E-04 	1.53765E-04 	1.59174E-04 	1.61942E-04 	1.69885E-04 	1.54694E-04 	1.01510E-04 	
8.61796E-05 	8.83137E-05 	9.63933E-05 	9.88448E-05 	1.08303E-04 	1.15061E-04 	1.28445E-04 	1.32782E-04 	1.40301E-04 	1.50969E-04 	1.60033E-04 	1.66151E-04 	1.67222E-04 	1.53623E-04 	1.07930E-04 	
8.51592E-05 	9.00356E-05 	9.60663E-05 	9.48639E-05 	1.05854E-04 	1.14282E-04 	1.23027E-04 	1.31321E-04 	1.42824E-04 	1.49788E-04 	1.54473E-04 	1.58900E-04 	1.61214E-04 	1.60167E-04 	1.09106E-04 	
8.30636E-05 	9.18553E-05 	9.24468E-05 	1.02831E-04 	1.05201E-04 	1.10297E-04 	1.19243E-04 	1.29439E-04 	1.34438E-04 	1.47562E-04 	1.57851E-04 	1.63354E-04 	1.67020E-04 	1.57147E-04 	1.11966E-04 	
8.25729E-05 	9.32464E-05 	9.15896E-05 	1.01452E-04 	1.05929E-04 	1.08489E-04 	1.17825E-04 	1.22283E-04 	1.38563E-04 	1.51984E-04 	1.50807E-04 	1.60041E-04 	1.73922E-04 	1.55317E-04 	1.07379E-04 	
8.02844E-05 	8.76341E-05 	9.07212E-05 	9.87998E-05 	1.02352E-04 	1.07527E-04 	1.18489E-04 	1.23634E-04 	1.32758E-04 	1.47077E-04 	1.56195E-04 	1.63532E-04 	1.69390E-04 	1.59090E-04 	1.12406E-04 	
7.92954E-05 	8.74943E-05 	8.94814E-05 	8.90928E-05 	9.82301E-05 	1.09383E-04 	1.19367E-04 	1.26485E-04 	1.32986E-04 	1.43145E-04 	1.54192E-04 	1.57746E-04 	1.67940E-04 	1.60746E-04 	1.10666E-04 	
8.00442E-05 	8.54748E-05 	9.15865E-05 	9.70064E-05 	1.00556E-04 	1.00513E-04 	1.14768E-04 	1.21122E-04 	1.29201E-04 	1.39689E-04 	1.53897E-04 	1.57195E-04 	1.67819E-04 	1.61166E-04 	1.13824E-04 	
7.83897E-05 	8.24385E-05 	8.68103E-05 	9.15894E-05 	1.01242E-04 	1.06979E-04 	1.08861E-04 	1.20577E-04 	1.29942E-04 	1.38418E-04 	1.44524E-04 	1.60260E-04 	1.73014E-04 	1.58092E-04 	1.13144E-04 	
7.43416E-05 	8.19982E-05 	8.50944E-05 	8.86470E-05 	9.31616E-05 	1.04400E-04 	1.07139E-04 	1.18096E-04 	1.24758E-04 	1.38880E-04 	1.51675E-04 	1.53056E-04 	1.62439E-04 	1.60609E-04 	1.11613E-04 	
7.29997E-05 	8.35485E-05 	7.98389E-05 	8.62563E-05 	9.16403E-05 	1.01962E-04 	1.10775E-04 	1.15511E-04 	1.16782E-04 	1.33263E-04 	1.52638E-04 	1.52503E-04 	1.61740E-04 	1.56981E-04 	1.22894E-04 	
7.13607E-05 	8.25870E-05 	7.98184E-05 	8.47424E-05 	8.80721E-05 	9.60200E-05 	9.92827E-05 	1.13973E-04 	1.24309E-04 	1.31306E-04 	1.42588E-04 	1.50172E-04 	1.70689E-04 	1.60707E-04 	1.18132E-04 	
7.14260E-05 	7.47185E-05 	8.14932E-05 	8.72274E-05 	8.78511E-05 	1.02644E-04 	9.97898E-05 	1.16146E-04 	1.15133E-04 	1.26945E-04 	1.41770E-04 	1.49070E-04 	1.54805E-04 	1.59438E-04 	1.06493E-04 	
6.78671E-05 	7.49848E-05 	7.71221E-05 	9.10430E-05 	9.01844E-05 	9.36097E-05 	1.00124E-04 	1.04362E-04 	1.16617E-04 	1.23998E-04 	1.38562E-04 	1.43004E-04 	1.59295E-04 	1.57510E-04 	1.18098E-04 	
6.49678E-05 	7.53388E-05 	7.79355E-05 	7.38414E-05 	8.16984E-05 	9.05261E-05 	9.82546E-05 	1.04395E-04 	1.12853E-04 	1.18372E-04 	1.30574E-04 	1.45475E-04 	1.54811E-04 	1.57957E-04 	1.20001E-04 	
6.52137E-05 	6.99805E-05 	7.34289E-05 	7.75961E-05 	7.72965E-05 	8.86867E-05 	9.14303E-05 	1.02021E-04 	1.08173E-04 	1.17504E-04 	1.27948E-04 	1.36752E-04 	1.45226E-04 	1.46843E-04 	1.06581E-04 	
6.46738E-05 	6.78670E-05 	7.15623E-05 	7.64879E-05 	8.33698E-05 	7.81536E-05 	9.33185E-05 	9.52391E-05 	1.03488E-04 	1.10213E-04 	1.23457E-04 	1.33890E-04 	1.48313E-04 	1.48657E-04 	1.06657E-04 	
6.01949E-05 	6.76600E-05 	7.27239E-05 	7.16784E-05 	7.92487E-05 	8.61930E-05 	9.11493E-05 	9.65712E-05 	1.03415E-04 	1.12672E-04 	1.20321E-04 	1.34137E-04 	1.48771E-04 	1.50073E-04 	1.15574E-04 	
5.68314E-05 	5.97923E-05 	6.72995E-05 	6.76134E-05 	6.93105E-05 	7.15983E-05 	7.96349E-05 	8.78832E-05 	9.83075E-05 	1.00015E-04 	1.13623E-04 	1.21184E-04 	1.25692E-04 	1.39853E-04 	1.03557E-04 	
5.42323E-05 	5.85927E-05 	5.79962E-05 	6.59065E-05 	7.12691E-05 	6.83932E-05 	8.03298E-05 	8.97136E-05 	8.76929E-05 	9.78030E-05 	1.02192E-04 	1.12664E-04 	1.27321E-04 	1.32916E-04 	1.03468E-04 	
5.22142E-05 	5.51571E-05 	5.80191E-05 	5.95789E-05 	6.38860E-05 	6.86129E-05 	7.67839E-05 	7.82031E-05 	8.78463E-05 	9.10978E-05 	1.00277E-04 	1.15433E-04 	1.27645E-04 	1.36460E-04 	1.01920E-04 	
5.34941E-05 	5.87637E-05 	6.56636E-05 	5.92484E-05 	6.70750E-05 	7.07214E-05 	7.76401E-05 	8.21242E-05 	9.04332E-05 	9.67290E-05 	1.08624E-04 	1.10737E-04 	1.26475E-04 	1.32116E-04 	1.06259E-04 	
5.32387E-05 	5.41432E-05 	5.99404E-05 	6.15430E-05 	6.47221E-05 	6.85221E-05 	7.13927E-05 	7.87403E-05 	8.69069E-05 	9.49121E-05 	1.00672E-04 	1.09077E-04 	1.27920E-04 	1.27206E-04 	1.07033E-04 	
4.65360E-05 	5.06680E-05 	5.24939E-05 	6.02016E-05 	6.05153E-05 	5.95063E-05 	6.84580E-05 	7.95983E-05 	8.18124E-05 	8.71983E-05 	1.01053E-04 	1.03682E-04 	1.15707E-04 	1.29794E-04 	1.05528E-04 	
5.16769E-05 	5.02836E-05 	5.02600E-05 	5.05018E-05 	5.64780E-05 	6.39600E-05 	6.52928E-05 	6.96430E-05 	7.50135E-05 	8.25485E-05 	8.94023E-05 	1.01118E-04 	1.09851E-04 	1.17696E-04 	1.00501E-04 	
4.26014E-05 	4.73293E-05 	4.99757E-05 	5.13583E-05 	5.27904E-05 	5.59677E-05 	6.12896E-05 	6.39669E-05 	7.47894E-05 	7.15130E-05 	8.46514E-05 	8.81443E-05 	1.00045E-04 	1.17157E-04 	9.97691E-05 	
4.13747E-05 	4.54370E-05 	4.60415E-05 	4.76904E-05 	4.89433E-05 	5.34394E-05 	5.55742E-05 	6.17496E-05 	6.35081E-05 	7.52446E-05 	7.64859E-05 	8.91089E-05 	1.03325E-04 	1.03987E-04 	9.42958E-05 	
3.96611E-05 	4.00834E-05 	4.17612E-05 	4.39330E-05 	4.78707E-05 	4.71672E-05 	5.20498E-05 	5.95824E-05 	6.40651E-05 	6.73039E-05 	7.45080E-05 	7.69955E-05 	8.88401E-05 	1.00958E-04 	8.54538E-05 	
3.84264E-05 	3.59992E-05 	3.63006E-05 	3.88645E-05 	4.27887E-05 	4.43369E-05 	4.80319E-05 	5.05840E-05 	5.59393E-05 	6.27017E-05 	6.60472E-05 	7.09712E-05 	7.77558E-05 	8.92517E-05 	8.48959E-05 	
3.19345E-05 	3.50336E-05 	3.62512E-05 	3.91305E-05 	3.83935E-05 	4.02608E-05 	4.49800E-05 	4.80633E-05 	4.76302E-05 	5.69469E-05 	6.06634E-05 	6.54969E-05 	7.66041E-05 	8.48061E-05 	8.21842E-05 	
2.62940E-05 	3.00504E-05 	3.18181E-05 	3.16639E-05 	3.57959E-05 	3.63390E-05 	3.64106E-05 	3.96211E-05 	4.29726E-05 	4.82001E-05 	5.24124E-05 	5.78034E-05 	6.89644E-05 	7.44400E-05 	7.23920E-05 	
2.37782E-05 	2.35090E-05 	2.53301E-05 	2.25561E-05 	2.73757E-05 	2.86537E-05 	3.01729E-05 	3.38285E-05 	3.67265E-05 	3.94703E-05 	4.12893E-05 	4.29436E-05 	4.81793E-05 	5.51132E-05 	5.73250E-05 	
1.86150E-05 	2.13066E-05 	2.11383E-05 	2.27649E-05 	2.20322E-05 	2.88817E-05 	3.11968E-05 	3.12802E-05 	3.46728E-05 	3.56665E-05 	3.33601E-05 	4.65985E-05 	4.62970E-05 	5.10706E-05 	5.27456E-05 	
1.83907E-05 	1.80981E-05 	2.07570E-05 	2.45975E-05 	2.24679E-05 	2.20656E-05 	2.56728E-05 	2.78996E-05 	2.98765E-05 	3.41043E-05 	3.65788E-05 	4.23160E-05 	4.94615E-05 	5.33701E-05 	6.06840E-05 	
8.01906E-06 	9.32636E-06 	1.00809E-05 	8.53892E-06 	1.05345E-05 	1.06346E-05 	1.26770E-05 	1.08447E-05 	1.55411E-05 	1.36796E-05 	1.84678E-05 	1.76043E-05 	1.92381E-05 	2.21273E-05 	2.64177E-05 	
6.70117E-08 	4.00058E-07 	1.02817E-07 	1.02693E-07 	2.96811E-07 	6.18390E-07 	4.23311E-07 	3.53277E-07 	3.08496E-07 	1.02729E-07 	4.63475E-07 	2.74394E-07 	3.08299E-07 	2.57996E-07 	3.08676E-07 	
2.05992E-07 	0.00000E+00 	3.51362E-08 	3.07256E-07 	3.96431E-07 	1.30373E-07 	1.03354E-07 	1.95068E-07 	6.92415E-08 	4.12890E-07 	1.84335E-07 	5.16711E-07 	3.23905E-07 	2.27535E-07 	0.00000E+00 	
3.10731E-07 	3.66775E-07 	8.37262E-08 	2.96063E-07 	2.07255E-07 	2.85577E-07 	0.00000E+00 	2.63489E-07 	5.00749E-07 	3.10740E-07 	4.95499E-07 	3.86862E-07 	0.00000E+00 	5.35302E-07 	2.07015E-07 	
1.03790E-07 	1.04154E-07 	2.30397E-07 	1.03788E-07 	0.00000E+00 	1.22873E-07 	6.65822E-07 	2.07913E-07 	4.20006E-07 	2.08069E-07 	5.55124E-07 	5.19944E-07 	2.26981E-07 	1.03785E-07 	1.89608E-08 	
3.97219E-07 	2.08850E-07 	3.48162E-07 	1.21179E-07 	2.08708E-07 	5.66920E-07 	1.04311E-07 	2.08681E-07 	1.04182E-07 	1.63900E-07 	2.51539E-07 	3.82287E-07 	3.17430E-07 	2.85860E-07 	1.19657E-07 	
1.04569E-07 	0.00000E+00 	7.47186E-08 	4.18919E-07 	1.12633E-07 	2.61924E-07 	1.04801E-07 	2.09446E-07 	2.09461E-07 	1.04598E-07 	3.13731E-07 	4.16735E-07 	4.03094E-07 	5.23076E-07 	7.77364E-09 	
2.10221E-07 	2.46767E-07 	2.75947E-07 	1.05163E-07 	4.84501E-08 	3.88641E-07 	4.77514E-07 	2.76805E-07 	2.26677E-07 	2.06416E-07 	3.39064E-07 	4.20067E-07 	2.06498E-07 	4.08325E-07 	2.63793E-07 	
3.59260E-07 	1.05574E-07 	4.21909E-07 	3.37342E-07 	5.69035E-08 	1.05405E-07 	3.09951E-07 	1.05350E-07 	4.22508E-07 	4.10701E-07 	5.21445E-07 	2.86773E-07 	2.36868E-07 	5.96875E-07 	0.00000E+00 	
0.00000E+00 	0.00000E+00 	3.17478E-07 	2.11792E-07 	1.56780E-07 	4.96262E-07 	2.11612E-07 	6.16340E-08 	1.05882E-07 	3.51786E-07 	4.46923E-07 	4.35323E-07 	2.11913E-07 	2.11962E-07 	2.11464E-07 	
1.06100E-07 	1.76043E-07 	1.06075E-07 	0.00000E+00 	1.11030E-07 	3.18332E-07 	3.38316E-07 	2.31326E-07 	3.99992E-07 	8.98520E-09 	2.51479E-07 	5.49874E-07 	1.61274E-07 	4.44437E-07 	2.64873E-07 	
1.14945E-07 	4.40152E-07 	2.30301E-07 	2.72993E-07 	0.00000E+00 	1.14933E-07 	3.15492E-07 	8.74194E-08 	2.59780E-07 	3.28941E-07 	3.12196E-07 	5.03037E-07 	8.05171E-07 	5.75378E-07 	1.15140E-07 	
2.83490E-07 	1.15510E-07 	1.15427E-07 	3.32153E-07 	3.46431E-07 	5.45064E-07 	5.78887E-07 	1.30581E-07 	2.30773E-07 	2.30874E-07 	3.33115E-07 	1.15598E-07 	2.30619E-07 	3.98523E-07 	3.79134E-07 	
1.15988E-07 	1.51195E-07 	5.23930E-07 	2.31589E-07 	2.31780E-07 	2.31686E-07 	1.33867E-07 	3.14340E-07 	2.31600E-07 	2.31802E-07 	2.03135E-07 	6.46952E-07 	3.00746E-07 	3.47628E-07 	0.00000E+00 	
7.03404E-08 	1.16433E-07 	0.00000E+00 	2.32619E-07 	2.17122E-08 	0.00000E+00 	3.44065E-07 	9.25991E-08 	5.12503E-07 	1.16448E-07 	5.74608E-07 	2.86698E-07 	2.62270E-07 	2.71534E-07 	2.32743E-07 	
2.07250E-07 	3.45663E-07 	0.00000E+00 	1.78773E-07 	2.29481E-07 	1.76265E-07 	5.08768E-07 	2.33293E-07 	5.82970E-07 	2.33339E-07 	2.97252E-07 	7.39941E-07 	5.66095E-07 	9.32980E-07 	2.33325E-07 	
1.16966E-07 	3.45616E-07 	3.74389E-07 	2.00982E-07 	1.63321E-07 	1.18032E-07 	5.85465E-07 	4.68493E-07 	3.85688E-07 	5.47478E-07 	3.51235E-07 	1.94784E-07 	2.34113E-07 	5.52356E-07 	6.15396E-07 	
0.00000E+00 	2.34786E-07 	1.17298E-07 	2.35162E-07 	1.17651E-07 	2.03404E-07 	2.34758E-07 	8.46708E-08 	2.34904E-07 	0.00000E+00 	2.35113E-07 	5.79067E-07 	4.75361E-07 	2.34831E-07 	0.00000E+00 	
6.20067E-08 	2.95279E-07 	2.89766E-07 	1.17689E-07 	1.71470E-07 	2.35578E-07 	7.04553E-07 	1.18004E-07 	1.77906E-07 	8.26645E-08 	1.17858E-07 	2.02453E-07 	4.09964E-07 	5.62134E-07 	1.17810E-07 	
2.99535E-07 	1.28510E-07 	5.80774E-09 	2.60465E-07 	4.57774E-07 	2.11590E-07 	4.73275E-07 	8.74466E-08 	6.70728E-07 	4.17153E-07 	5.88052E-07 	6.91890E-07 	7.25919E-07 	9.18206E-07 	5.97202E-07 	
1.66880E-07 	3.55688E-07 	5.17851E-07 	1.18485E-07 	2.30027E-07 	3.89391E-07 	5.41745E-07 	3.89379E-07 	5.93510E-07 	6.21427E-07 	2.37447E-07 	3.40915E-07 	3.66501E-07 	6.44631E-07 	7.19346E-07 	
0.00000E+00 	1.19224E-07 	0.00000E+00 	1.19030E-07 	0.00000E+00 	0.00000E+00 	1.19153E-07 	1.19046E-07 	0.00000E+00 	0.00000E+00 	1.19044E-07 	1.19140E-07 	1.19077E-07 	0.00000E+00 	0.00000E+00 	
1.19276E-07 	0.00000E+00 	1.19345E-07 	0.00000E+00 	0.00000E+00 	1.19285E-07 	2.38873E-07 	2.38932E-07 	2.38987E-07 	0.00000E+00 	7.96264E-08 	2.38990E-07 	3.58066E-07 	2.38682E-07 	0.00000E+00 	
6.58320E-07 	7.21004E-07 	1.00153E-06 	8.71930E-07 	9.60220E-07 	1.00652E-06 	1.63622E-06 	1.08534E-06 	1.32353E-06 	1.59190E-06 	9.58248E-07 	1.88817E-06 	2.06949E-06 	2.00752E-06 	2.28015E-06 	
