  0.000000000000000E+000  0.000000000000000E+000
   10.0000000000000       0.000000000000000E+000
   20.0000000000000       0.000000000000000E+000
   30.0000000000000       0.000000000000000E+000
   40.0000000000000       0.000000000000000E+000
   50.0000000000000       0.000000000000000E+000
   60.0000000000000       0.000000000000000E+000
   70.0000000000000       0.000000000000000E+000
   80.0000000000000       0.000000000000000E+000
   90.0000000000000       0.000000000000000E+000
   100.000000000000       0.000000000000000E+000
   110.000000000000       0.000000000000000E+000
   120.000000000000       0.000000000000000E+000
   130.000000000000       4.925027529279516E-005
   140.000000000000       2.892359406419553E-004
   150.000000000000       6.930088725059024E-004
   160.000000000000       1.229899492379406E-003
   170.000000000000       1.876588007308995E-003
   180.000000000000       2.615035452939631E-003
   190.000000000000       3.431072901578413E-003
   200.000000000000       4.313416548466948E-003
   210.000000000000       5.252970112223890E-003
   220.000000000000       6.242314584072190E-003
   230.000000000000       7.275338408263047E-003
   240.000000000000       8.346956432797745E-003
   250.000000000000       9.452901203602560E-003
   260.000000000000       1.058956069344582E-002
   270.000000000000       1.175385499448793E-002
   280.000000000000       1.294313882858177E-002
   290.000000000000       1.415512203386142E-002
   300.000000000000       1.538781455170913E-002
   310.000000000000       1.663947174707496E-002
   320.000000000000       1.790855407014304E-002
   330.000000000000       1.919370477447162E-002
   340.000000000000       2.049371341182443E-002
   350.000000000000       2.180749560388684E-002
   360.000000000000       2.313408114499431E-002
   370.000000000000       2.447259409659890E-002
   380.000000000000       2.582223782299776E-002
   390.000000000000       2.718229284577094E-002
   400.000000000000       2.855210092890082E-002
   410.000000000000       2.993105968190696E-002
   420.000000000000       3.131861429716624E-002
   430.000000000000       3.271425796610423E-002
   440.000000000000       3.411751707393820E-002
   450.000000000000       3.552795977500156E-002
   460.000000000000       3.694518086297265E-002
   470.000000000000       3.836880396175774E-002
   480.000000000000       3.979847736821818E-002
   490.000000000000       4.123387534154522E-002
   500.000000000000       4.267469185938268E-002
   510.000000000000       4.412063884288810E-002
   520.000000000000       4.557144616157913E-002
   530.000000000000       4.702686002867910E-002
   540.000000000000       4.848663807971371E-002
   550.000000000000       4.995056365861544E-002
   560.000000000000       5.141841459253826E-002
   570.000000000000       5.288998796565764E-002
   580.000000000000       5.436510073388167E-002
   590.000000000000       5.584356873745800E-002
   600.000000000000       5.732521805316518E-002
   610.000000000000       5.880988560937708E-002
   620.000000000000       6.029741287936562E-002
   630.000000000000       6.178765960751578E-002
   640.000000000000       6.328048072454311E-002
   650.000000000000       6.477574299865792E-002
   660.000000000000       6.627331754889440E-002
   670.000000000000       6.777308202700212E-002
   680.000000000000       6.927491211468079E-002
   690.000000000000       7.077871070055984E-002
   700.000000000000       7.228436077314153E-002
   710.000000000000       7.379176620556310E-002
   720.000000000000       7.530082126284875E-002
   730.000000000000       7.681143928739481E-002
   740.000000000000       7.832352713931975E-002
   750.000000000000       7.983699916065960E-002
   760.000000000000       8.135176687409534E-002
   770.000000000000       8.286776160854882E-002
   780.000000000000       8.438490433261990E-002
   790.000000000000       8.590312207275930E-002
   800.000000000000       8.742233200719694E-002
   810.000000000000       8.894248756814387E-002
   820.000000000000       9.046350352281392E-002
   830.000000000000       9.198532666696911E-002
   840.000000000000       9.350789933935255E-002
   850.000000000000       9.503115050619049E-002
   860.000000000000       9.655505701649708E-002
   870.000000000000       9.807952156604303E-002
   880.000000000000       9.960451917045039E-002
   890.000000000000       0.101129995237574     
   900.000000000000       0.102655906225277     
   910.000000000000       0.104182205703713     
   920.000000000000       0.105708828167667     
   930.000000000000       0.107235744424292     
   940.000000000000       0.108762921592852     
   950.000000000000       0.110290329063410     
   960.000000000000       0.111817897732072     
   970.000000000000       0.113345607415734     
   980.000000000000       0.114873420515990     
   990.000000000000       0.116401297794984     
   1000.00000000000       0.117929210497979     
   1010.00000000000       0.119457149618521     
   1020.00000000000       0.120985035667206     
   1030.00000000000       0.122512866352615     
   1040.00000000000       0.124040620878046     
   1050.00000000000       0.125568246571460     
   1060.00000000000       0.127095729678247     
   1070.00000000000       0.128623049770252     
   1080.00000000000       0.130150183991379     
   1090.00000000000       0.131677091314945     
   1100.00000000000       0.133515366453768     
   1110.00000000000       0.136938303281104     
   1120.00000000000       0.139775475636042     
   1130.00000000000       0.143288972448066     
   1140.00000000000       0.146849953933458     
   1150.00000000000       0.149154985770244     
   1160.00000000000       0.152141204942078     
   1170.00000000000       0.155828738910981     
   1180.00000000000       0.158219753720429     
   1190.00000000000       0.161991063307603     
   1200.00000000000       0.165124983414299     
   1210.00000000000       0.167602131021481     
   1220.00000000000       0.171497951219470     
   1230.00000000000       0.174736798665456     
   1240.00000000000       0.177300030878909     
   1250.00000000000       0.180602411652408     
   1260.00000000000       0.184661732887142     
   1270.00000000000       0.187310894583363     
   1280.00000000000       0.190716822461443     
   1290.00000000000       0.193414870096748     
   1300.00000000000       0.196883595865888     
   1310.00000000000       0.199630554790620     
   1320.00000000000       0.203923110681095     
   1330.00000000000       0.207493500785928     
   1340.00000000000       0.210325826401281     
   1350.00000000000       0.213958116702222     
   1360.00000000000       0.216839044152817     
   1370.00000000000       0.220532808765941     
   1380.00000000000       0.223462251889164     
   1390.00000000000       0.227217171619551     
   1400.00000000000       0.230195093541359     
   1410.00000000000       0.234010644521911     
   1420.00000000000       0.237036755247497     
   1430.00000000000       0.239250642284506     
   1440.00000000000       0.243149944630431     
   1450.00000000000       0.246236960820249     
   1460.00000000000       0.250195991795506     
   1470.00000000000       0.253330940605049     
   1480.00000000000       0.257349126786595     
   1490.00000000000       0.260531727482196     
   1500.00000000000       0.264608460111335     
   1510.00000000000       0.266957330550416     
   1520.00000000000       0.270200377912185     
   1530.00000000000       0.274358714531102     
   1540.00000000000       0.277648926492148     
   1550.00000000000       0.280049761326667     
   1560.00000000000       0.284289175342137     
   1570.00000000000       0.287639253646306     
   1580.00000000000       0.291935067694512     
   1590.00000000000       0.294399064432287     
   1600.00000000000       0.297808788505279     
   1610.00000000000       0.302184148590958     
   1620.00000000000       0.305640057279997     
   1630.00000000000       0.308156502168404     
   1640.00000000000       0.312610608949956     
   1650.00000000000       0.316125307906543     
   1660.00000000000       0.318681418044467     
   1670.00000000000       0.323213453494875     
   1680.00000000000       0.326786640166962     
   1690.00000000000       0.329382356714392     
   1700.00000000000       0.333991136101158     
   1710.00000000000       0.336613397628618     
   1720.00000000000       0.340257903639572     
   1730.00000000000       0.344942676140884     
   1740.00000000000       0.347604574544162     
   1750.00000000000       0.351306706249117     
   1760.00000000000       0.353984426699816     
   1770.00000000000       0.358767929441128     
   1780.00000000000       0.362526890452135     
   1790.00000000000       0.365244627357158     
   1800.00000000000       0.370101542959393     
   1810.00000000000       0.372845956093041     
   1820.00000000000       0.376674661140896     
   1830.00000000000       0.379434940825548     
   1840.00000000000       0.384388138415855     
   1850.00000000000       0.387175116440575     
   1860.00000000000       0.391072901712767     
   1870.00000000000       0.393875642135184     
   1880.00000000000       0.398923733625087     
   1890.00000000000       0.401753182006731     
   1900.00000000000       0.405719485468613     
   1910.00000000000       0.408564853444195     
   1920.00000000000       0.413706348080554     
   1930.00000000000       0.416578530249850     
   1940.00000000000       0.420612329484214     
   1950.00000000000       0.423500393992634     
   1960.00000000000       0.428733475668609     
   1970.00000000000       0.431648384092879     
   1980.00000000000       0.435748816302062     
   1990.00000000000       0.438679579106796     
   2000.00000000000       0.444002676443229     
   2010.00000000000       0.446960061511366     
   2020.00000000000       0.449920092945690     
   2030.00000000000       0.454099983187411     
   2040.00000000000       0.457075939982344     
   2050.00000000000       0.462511211608322     
   2060.00000000000       0.465513993765537     
   2070.00000000000       0.469758488309598     
   2080.00000000000       0.472777087516076     
   2090.00000000000       0.475798226257519     
   2100.00000000000       0.481343553291848     
   2110.00000000000       0.484391336401217     
   2120.00000000000       0.488713063489127     
   2130.00000000000       0.491776768999657     
   2140.00000000000       0.494843258842989     
   2150.00000000000       0.500496297121749     
   2160.00000000000       0.503589400326511     
   2170.00000000000       0.507986863471631     
   2180.00000000000       0.511095740821263     
   2190.00000000000       0.514207273169216     
   2200.00000000000       0.519965728974709     
   2210.00000000000       0.523103715698748     
   2220.00000000000       0.526244434505733     
   2230.00000000000       0.530729800812421     
   2240.00000000000       0.533886421576544     
   2250.00000000000       0.537045310991432     
   2260.00000000000       0.542930468462309     
   2270.00000000000       0.546116286515292     
   2280.00000000000       0.549304463406685     
   2290.00000000000       0.553876210724925     
   2300.00000000000       0.557080153924603     
   2310.00000000000       0.560286685377640     
   2320.00000000000       0.566295618957126     
   2330.00000000000       0.569528675642115     
   2340.00000000000       0.572764319102583     
   2350.00000000000       0.577420789532181     
   2360.00000000000       0.580672140172465     
   2370.00000000000       0.583926046938051     
   2380.00000000000       0.590055431981453     
   2390.00000000000       0.593335548357668     
   2400.00000000000       0.596618573937441     
   2410.00000000000       0.599903950061578     
   2420.00000000000       0.604656650545300     
   2430.00000000000       0.607957750083277     
   2440.00000000000       0.611261186158505     
   2450.00000000000       0.617531674646857     
   2460.00000000000       0.620861937422221     
   2470.00000000000       0.624194279391262     
   2480.00000000000       0.629028023163598     
   2490.00000000000       0.632376066313024     
   2500.00000000000       0.635726595259102     
   2510.00000000000       0.639079526204634     
   2520.00000000000       0.645487084051379     
   2530.00000000000       0.648866231256606     
   2540.00000000000       0.652247957461318     
   2550.00000000000       0.655632146868889     
   2560.00000000000       0.660571468119908     
   2570.00000000000       0.663971160736386     
   2580.00000000000       0.667373222963131     
   2590.00000000000       0.670777503234013     
   2600.00000000000       0.677342168335729     
   2610.00000000000       0.680772823616959     
   2620.00000000000       0.684206069523694     
   2630.00000000000       0.687641730390568     
   2640.00000000000       0.692683947145179     
   2650.00000000000       0.696135118826478     
   2660.00000000000       0.699588322709626     
   2670.00000000000       0.703044052246946     
   2680.00000000000       0.709760709125241     
   2690.00000000000       0.713242719416187     
   2700.00000000000       0.716726873011289     
   2710.00000000000       0.720213540906854     
   2720.00000000000       0.725356139759244     
   2730.00000000000       0.728858167156258     
   2740.00000000000       0.732362682763085     
   2750.00000000000       0.735869308738354     
   2760.00000000000       0.742732858504953     
   2770.00000000000       0.746265851017821     
   2780.00000000000       0.749800826497656     
   2790.00000000000       0.753338488043100     
   2800.00000000000       0.756877993395892     
   2810.00000000000       0.762130814561482     
   2820.00000000000       0.765686373761895     
   2830.00000000000       0.769243253991581     
   2840.00000000000       0.772802766824558     
   2850.00000000000       0.776364750077485     
   2860.00000000000       0.783417350109013     
   2870.00000000000       0.787005314771424     
   2880.00000000000       0.790595303747259     
   2890.00000000000       0.794187532419211     
   2900.00000000000       0.797782281371704     
   2910.00000000000       0.803155550903381     
   2920.00000000000       0.806765398764349     
   2930.00000000000       0.810377407269131     
   2940.00000000000       0.813991862349358     
   2950.00000000000       0.817608078635369     
   2960.00000000000       0.824843034638893     
   2970.00000000000       0.828485721436948     
   2980.00000000000       0.832130199878228     
   2990.00000000000       0.835777112723174     
   3000.00000000000       0.839425564072166     
   3010.00000000000       0.844915766658276     
   3020.00000000000       0.848579429610879     
   3030.00000000000       0.852245973393792     
   3040.00000000000       0.855914442491155     
   3050.00000000000       0.859585037979695     
   3060.00000000000       0.866995776949272     
   3070.00000000000       0.870691513952335     
   3080.00000000000       0.874390230373736     
   3090.00000000000       0.878090962665929     
   3100.00000000000       0.881793529406207     
   3110.00000000000       0.885498388234734     
   3120.00000000000       0.891113767262209     
   3130.00000000000       0.894833682171532     
   3140.00000000000       0.898555542149076     
   3150.00000000000       0.902280085172959     
   3160.00000000000       0.906006429650561     
   3170.00000000000       0.909734834751128     
   3180.00000000000       0.917360353108380     
   3190.00000000000       0.921114250746005     
   3200.00000000000       0.924869710784291     
   3210.00000000000       0.928627830509453     
   3220.00000000000       0.932388337243919     
   3230.00000000000       0.936150572032665     
   3240.00000000000       0.941900275812510     
   3250.00000000000       0.945677144871072     
   3260.00000000000       0.949456669148406     
   3270.00000000000       0.953238329054607     
   3280.00000000000       0.957021521718394     
   3290.00000000000       0.960807236027107     
   3300.00000000000       0.968637119759107     
   3310.00000000000       0.972448825290329     
   3320.00000000000       0.976261624474527     
   3330.00000000000       0.980076930554902     
   3340.00000000000       0.983893493146548     
   3350.00000000000       0.987712565909857     
   3360.00000000000       0.991534101943449     
   3370.00000000000       0.997424977090196     
   3380.00000000000        1.00126110744525     
   3390.00000000000        1.00509852893502     
   3400.00000000000        1.00893851499661     
   3410.00000000000        1.01278036970433     
   3420.00000000000        1.01662434583527     
   3430.00000000000        1.02046912410057     
   3440.00000000000        1.02854336154689     
   3450.00000000000        1.03241495399077     
   3460.00000000000        1.03628865577589     
   3470.00000000000        1.04016303498362     
   3480.00000000000        1.04404062870029     
   3490.00000000000        1.04791840771132     
   3500.00000000000        1.05180008997406     
   3510.00000000000        1.05783930082393     
   3520.00000000000        1.06173533723738     
   3530.00000000000        1.06563206001406     
   3540.00000000000        1.06953274688461     
   3550.00000000000        1.07343337775833     
   3560.00000000000        1.07733600428642     
   3570.00000000000        1.08124192799588     
   3580.00000000000        1.08954658591560     
   3590.00000000000        1.09347722175576     
   3600.00000000000        1.09740971219827     
   3610.00000000000        1.10134376981028     
   3620.00000000000        1.10528027186909     
   3630.00000000000        1.10921794080394     
   3640.00000000000        1.11315810122000     
   3650.00000000000        1.11709998775636     
   3660.00000000000        1.12329341853842     
   3670.00000000000        1.12724973636690     
   3680.00000000000        1.13120846723873     
   3690.00000000000        1.13516878712578     
   3700.00000000000        1.13913066370113     
   3710.00000000000        1.14309476401956     
   3720.00000000000        1.14705963456016     
   3730.00000000000        1.15102688712889     
   3740.00000000000        1.15499641642553     
   3750.00000000000        1.16358866400777     
   3760.00000000000        1.16758370277575     
   3770.00000000000        1.17157974466843     
   3780.00000000000        1.17557794185066     
   3790.00000000000        1.17957796553223     
   3800.00000000000        1.18357931388420     
   3810.00000000000        1.18758297960865     
   3820.00000000000        1.19158821941401     
   3830.00000000000        1.19795394338538     
   3840.00000000000        1.20197324297709     
   3850.00000000000        1.20599613689268     
   3860.00000000000        1.21001893482920     
   3870.00000000000        1.21404383269735     
   3880.00000000000        1.21807041453908     
   3890.00000000000        1.22209888134103     
   3900.00000000000        1.22612982766090     
   3910.00000000000        1.23016158134981     
   3920.00000000000        1.23902703059333     
   3930.00000000000        1.24308450715459     
   3940.00000000000        1.24714401197828     
   3950.00000000000        1.25120499968063     
   3960.00000000000        1.25526625474508     
   3970.00000000000        1.25933015203288     
   3980.00000000000        1.26339670581063     
   3990.00000000000        1.26746422152052     
   4000.00000000000        1.27153297383250     
