  0.000000000000000E+000  0.000000000000000E+000
   10.0000000000000       0.000000000000000E+000
   20.0000000000000       0.000000000000000E+000
   30.0000000000000       0.000000000000000E+000
   40.0000000000000       0.000000000000000E+000
   50.0000000000000       0.000000000000000E+000
   60.0000000000000       0.000000000000000E+000
   70.0000000000000       0.000000000000000E+000
   80.0000000000000       0.000000000000000E+000
   90.0000000000000       0.000000000000000E+000
   100.000000000000       0.000000000000000E+000
   110.000000000000       0.000000000000000E+000
   120.000000000000       0.000000000000000E+000
   130.000000000000       4.925027529279516E-005
   140.000000000000       2.892359406419553E-004
   150.000000000000       6.930088725059024E-004
   160.000000000000       1.229899492379406E-003
   170.000000000000       1.876588007308995E-003
   180.000000000000       2.615035452939631E-003
   190.000000000000       3.431072901578413E-003
   200.000000000000       4.313416548466948E-003
   210.000000000000       5.252970112223890E-003
   220.000000000000       6.242314584072190E-003
   230.000000000000       7.275338408263047E-003
   240.000000000000       8.346956432797745E-003
   250.000000000000       9.452901203602560E-003
   260.000000000000       1.058956069344582E-002
   270.000000000000       1.175385499448793E-002
   280.000000000000       1.294313882858177E-002
   290.000000000000       1.415512203386142E-002
   300.000000000000       1.538781455170913E-002
   310.000000000000       1.663947174707496E-002
   320.000000000000       1.790855407014304E-002
   330.000000000000       1.919370477447162E-002
   340.000000000000       2.049371341182443E-002
   350.000000000000       2.180749560388684E-002
   360.000000000000       2.313408114499431E-002
   370.000000000000       2.447259409659890E-002
   380.000000000000       2.582223782299776E-002
   390.000000000000       2.718229284577094E-002
   400.000000000000       2.855210092890082E-002
   410.000000000000       2.993105968190696E-002
   420.000000000000       3.131861429716624E-002
   430.000000000000       3.271425796610423E-002
   440.000000000000       3.411751707393820E-002
   450.000000000000       3.552795977500156E-002
   460.000000000000       3.694518086297265E-002
   470.000000000000       3.836880396175774E-002
   480.000000000000       3.979847736821818E-002
   490.000000000000       4.123387534154522E-002
   500.000000000000       4.267469185938268E-002
   510.000000000000       4.412063884288810E-002
   520.000000000000       4.557144616157913E-002
   530.000000000000       4.702686002867910E-002
   540.000000000000       4.848663807971371E-002
   550.000000000000       4.995056365861544E-002
   560.000000000000       5.141841459253826E-002
   570.000000000000       5.288998796565764E-002
   580.000000000000       5.436510073388167E-002
   590.000000000000       5.584356873745800E-002
   600.000000000000       5.732521805316518E-002
   610.000000000000       5.880988560937708E-002
   620.000000000000       6.029741287936562E-002
   630.000000000000       6.178765960751578E-002
   640.000000000000       6.328048072454311E-002
   650.000000000000       6.477574299865792E-002
   660.000000000000       6.627331754889440E-002
   670.000000000000       6.777308202700212E-002
   680.000000000000       6.927491211468079E-002
   690.000000000000       7.077871070055984E-002
   700.000000000000       7.228436077314153E-002
   710.000000000000       7.379176620556310E-002
   720.000000000000       7.530082126284875E-002
   730.000000000000       7.681143928739481E-002
   740.000000000000       7.832352713931975E-002
   750.000000000000       7.983699916065960E-002
   760.000000000000       8.135176687409534E-002
   770.000000000000       8.286776160854882E-002
   780.000000000000       8.438490433261990E-002
   790.000000000000       8.590312207275930E-002
   800.000000000000       8.742233200719694E-002
   810.000000000000       8.894248756814387E-002
   820.000000000000       9.046350352281392E-002
   830.000000000000       9.198532666696911E-002
   840.000000000000       9.350789933935255E-002
   850.000000000000       9.503115050619049E-002
   860.000000000000       9.655505701649708E-002
   870.000000000000       9.807952156604303E-002
   880.000000000000       9.960451917045039E-002
   890.000000000000       0.101129995237574     
   900.000000000000       0.102655906225277     
   910.000000000000       0.104182205703713     
   920.000000000000       0.105708828167667     
   930.000000000000       0.107235744424292     
   940.000000000000       0.108762921592852     
   950.000000000000       0.110290329063410     
   960.000000000000       0.111817897732072     
   970.000000000000       0.113345607415734     
   980.000000000000       0.114873420515990     
   990.000000000000       0.116401297794984     
   1000.00000000000       0.117929210497979     
   1010.00000000000       0.119457149618521     
   1020.00000000000       0.120985035667206     
   1030.00000000000       0.122512866352615     
   1040.00000000000       0.124040620878046     
   1050.00000000000       0.125568246571460     
   1060.00000000000       0.127095729678247     
   1070.00000000000       0.128623049770252     
   1080.00000000000       0.130150183991379     
   1090.00000000000       0.131677091314945     
   1100.00000000000       0.133515366453768     
   1110.00000000000       0.136938303281104     
   1120.00000000000       0.139775475636042     
   1130.00000000000       0.143288972448066     
   1140.00000000000       0.146849953933458     
   1150.00000000000       0.149154985770244     
   1160.00000000000       0.152141204942078     
   1170.00000000000       0.155828738910981     
   1180.00000000000       0.158219753720429     
   1190.00000000000       0.161991063307603     
   1200.00000000000       0.165124983414299     
   1210.00000000000       0.167602131021481     
   1220.00000000000       0.171497951219470     
   1230.00000000000       0.174736798665456     
   1240.00000000000       0.177300030878909     
   1250.00000000000       0.180602411652408     
   1260.00000000000       0.184661732887142     
   1270.00000000000       0.187310894583363     
   1280.00000000000       0.190716822461443     
   1290.00000000000       0.193414870096748     
   1300.00000000000       0.196883595865888     
   1310.00000000000       0.199630554790620     
   1320.00000000000       0.203923110681095     
   1330.00000000000       0.207493500785928     
   1340.00000000000       0.210325826401281     
   1350.00000000000       0.213958116702222     
   1360.00000000000       0.216839044152817     
   1370.00000000000       0.220532808765941     
   1380.00000000000       0.223462251889164     
   1390.00000000000       0.227217171619551     
   1400.00000000000       0.230195093541359     
   1410.00000000000       0.234010644521911     
   1420.00000000000       0.237036755247497     
   1430.00000000000       0.239250642284506     
   1440.00000000000       0.243149944630431     
   1450.00000000000       0.246236960820249     
   1460.00000000000       0.250195991795506     
   1470.00000000000       0.253330940605049     
   1480.00000000000       0.257349126786595     
   1490.00000000000       0.260531727482196     
   1500.00000000000       0.264608460111335     
   1510.00000000000       0.266957330550416     
   1520.00000000000       0.270200377912185     
   1530.00000000000       0.274358714531102     
   1540.00000000000       0.277648926492148     
   1550.00000000000       0.280049761326667     
   1560.00000000000       0.284289175342137     
   1570.00000000000       0.287639253646306     
   1580.00000000000       0.291935067694512     
   1590.00000000000       0.294399064432287     
   1600.00000000000       0.297808788505279     
   1610.00000000000       0.302184148590958     
   1620.00000000000       0.305640057279997     
   1630.00000000000       0.308156502168404     
   1640.00000000000       0.312610608949956     
   1650.00000000000       0.316125307906543     
   1660.00000000000       0.318681418044467     
   1670.00000000000       0.323213453494875     
   1680.00000000000       0.326786640166962     
   1690.00000000000       0.329382356714392     
   1700.00000000000       0.333991136101158     
   1710.00000000000       0.336613397628618     
   1720.00000000000       0.340257903639572     
   1730.00000000000       0.344942676140884     
   1740.00000000000       0.347604574544162     
   1750.00000000000       0.351306706249117     
   1760.00000000000       0.353984426699816     
   1770.00000000000       0.358767929441128     
   1780.00000000000       0.362526890452135     
   1790.00000000000       0.365244627357158     
   1800.00000000000       0.370101542959393     
   1810.00000000000       0.372845956093041     
   1820.00000000000       0.376674661140896     
   1830.00000000000       0.379434940825548     
   1840.00000000000       0.384388138415855     
   1850.00000000000       0.387175116440575     
   1860.00000000000       0.391072901712767     
   1870.00000000000       0.393875642135184     
   1880.00000000000       0.398923733625087     
   1890.00000000000       0.401753182006731     
   1900.00000000000       0.405719485468613     
   1910.00000000000       0.408564853444195     
   1920.00000000000       0.413706348080554     
   1930.00000000000       0.416578530249850     
   1940.00000000000       0.420612329484214     
   1950.00000000000       0.423500393992634     
   1960.00000000000       0.428733475668609     
   1970.00000000000       0.431648384092879     
   1980.00000000000       0.435748816302062     
   1990.00000000000       0.438679579106796     
   2000.00000000000       0.444002676443229     
   2010.00000000000       0.446960061511366     
   2020.00000000000       0.449920092945690     
   2030.00000000000       0.454099983187411     
   2040.00000000000       0.457075939982344     
   2050.00000000000       0.462511211608322     
   2060.00000000000       0.465513993765537     
   2070.00000000000       0.469758488309598     
   2080.00000000000       0.472777087516076     
   2090.00000000000       0.475798226257519     
   2100.00000000000       0.481343553291848     
   2110.00000000000       0.484391336401217     
   2120.00000000000       0.488713063489127     
   2130.00000000000       0.491776768999657     
   2140.00000000000       0.494843258842989     
   2150.00000000000       0.500496297121749     
   2160.00000000000       0.503589400326511     
   2170.00000000000       0.507986863471631     
   2180.00000000000       0.511095740821263     
   2190.00000000000       0.514207273169216     
   2200.00000000000       0.519965728974709     
   2210.00000000000       0.523103715698748     
   2220.00000000000       0.526244434505733     
   2230.00000000000       0.530729800812421     
   2240.00000000000       0.533886421576544     
   2250.00000000000       0.537045310991432     
   2260.00000000000       0.542930468462309     
   2270.00000000000       0.546116286515292     
   2280.00000000000       0.549304463406685     
   2290.00000000000       0.553876210724925     
   2300.00000000000       0.557080153924603     
   2310.00000000000       0.560286685377640     
   2320.00000000000       0.566295618957126     
   2330.00000000000       0.569528675642115     
   2340.00000000000       0.572764319102583     
   2350.00000000000       0.577420789532181     
   2360.00000000000       0.580672140172465     
   2370.00000000000       0.583926046938051     
   2380.00000000000       0.590055431981453     
   2390.00000000000       0.593335548357668     
   2400.00000000000       0.596618573937441     
   2410.00000000000       0.599903950061578     
   2420.00000000000       0.604656650545300     
   2430.00000000000       0.607957750083277     
   2440.00000000000       0.611261186158505     
   2450.00000000000       0.617531674646857     
   2460.00000000000       0.620861937422221     
   2470.00000000000       0.624194279391262     
   2480.00000000000       0.629028023163598     
   2490.00000000000       0.632376066313024     
   2500.00000000000       0.635726595259102     
   2510.00000000000       0.639079526204634     
   2520.00000000000       0.645487084051379     
   2530.00000000000       0.648866231256606     
   2540.00000000000       0.652247957461318     
   2550.00000000000       0.655632146868889     
   2560.00000000000       0.660571468119908     
   2570.00000000000       0.663971160736386     
   2580.00000000000       0.667373222963131     
   2590.00000000000       0.670777503234013     
   2600.00000000000       0.677342168335729     
   2610.00000000000       0.680772823616959     
   2620.00000000000       0.684206069523694     
   2630.00000000000       0.687641730390568     
   2640.00000000000       0.692683947145179     
   2650.00000000000       0.696135118826478     
   2660.00000000000       0.699588322709626     
   2670.00000000000       0.703044052246946     
   2680.00000000000       0.709760709125241     
   2690.00000000000       0.713242719416187     
   2700.00000000000       0.716726873011289     
   2710.00000000000       0.720213540906854     
   2720.00000000000       0.725356139759244     
   2730.00000000000       0.728858167156258     
   2740.00000000000       0.732362682763085     
   2750.00000000000       0.735869308738354     
   2760.00000000000       0.742732858504953     
   2770.00000000000       0.746265851017821     
   2780.00000000000       0.749800826497656     
   2790.00000000000       0.753338488043100     
   2800.00000000000       0.756877993395892     
   2810.00000000000       0.762130814561482     
   2820.00000000000       0.765686373761895     
   2830.00000000000       0.769243253991581     
   2840.00000000000       0.772802766824558     
   2850.00000000000       0.776364750077485     
   2860.00000000000       0.783417350109013     
   2870.00000000000       0.787005314771424     
   2880.00000000000       0.790595303747259     
   2890.00000000000       0.794187532419211     
   2900.00000000000       0.797782281371704     
   2910.00000000000       0.803155550903381     
   2920.00000000000       0.806765398764349     
   2930.00000000000       0.810377407269131     
   2940.00000000000       0.813991862349358     
   2950.00000000000       0.817608078635369     
   2960.00000000000       0.824843034638893     
   2970.00000000000       0.828485721436948     
   2980.00000000000       0.832130199878228     
   2990.00000000000       0.835777112723174     
   3000.00000000000       0.839425564072166     
   3010.00000000000       0.844915766658276     
   3020.00000000000       0.848579429610879     
   3030.00000000000       0.852245973393792     
   3040.00000000000       0.855914442491155     
   3050.00000000000       0.859585037979695     
   3060.00000000000       0.866995776949272     
   3070.00000000000       0.870691513952335     
   3080.00000000000       0.874390230373736     
   3090.00000000000       0.878090962665929     
   3100.00000000000       0.881793529406207     
   3110.00000000000       0.885498388234734     
   3120.00000000000       0.891113767262209     
   3130.00000000000       0.894833682171532     
   3140.00000000000       0.898555542149076     
   3150.00000000000       0.902280085172959     
   3160.00000000000       0.906006429650561     
   3170.00000000000       0.909734834751128     
   3180.00000000000       0.917360353108380     
   3190.00000000000       0.921114250746005     
   3200.00000000000       0.924869710784291     
   3210.00000000000       0.928627830509453     
   3220.00000000000       0.932388337243919     
   3230.00000000000       0.936150572032665     
   3240.00000000000       0.941900275812510     
   3250.00000000000       0.945677144871072     
   3260.00000000000       0.949456669148406     
   3270.00000000000       0.953238329054607     
   3280.00000000000       0.957021521718394     
   3290.00000000000       0.960807236027107     
   3300.00000000000       0.968637119759107     
   3310.00000000000       0.972448825290329     
   3320.00000000000       0.976261624474527     
   3330.00000000000       0.980076930554902     
   3340.00000000000       0.983893493146548     
   3350.00000000000       0.987712565909857     
   3360.00000000000       0.991534101943449     
   3370.00000000000       0.997424977090196     
   3380.00000000000        1.00126110744525     
   3390.00000000000        1.00509852893502     
   3400.00000000000        1.00893851499661     
   3410.00000000000        1.01278036970433     
   3420.00000000000        1.01662434583527     
   3430.00000000000        1.02046912410057     
   3440.00000000000        1.02854336154689     
   3450.00000000000        1.03241495399077     
   3460.00000000000        1.03628865577589     
   3470.00000000000        1.04016303498362     
   3480.00000000000        1.04404062870029     
   3490.00000000000        1.04791840771132     
   3500.00000000000        1.05180008997406     
   3510.00000000000        1.05783930082393     
   3520.00000000000        1.06173533723738     
   3530.00000000000        1.06563206001406     
   3540.00000000000        1.06953274688461     
   3550.00000000000        1.07343337775833     
   3560.00000000000        1.07733600428642     
   3570.00000000000        1.08124192799588     
   3580.00000000000        1.08954658591560     
   3590.00000000000        1.09347722175576     
   3600.00000000000        1.09740971219827     
   3610.00000000000        1.10134376981028     
   3620.00000000000        1.10528027186909     
   3630.00000000000        1.10921794080394     
   3640.00000000000        1.11315810122000     
   3650.00000000000        1.11709998775636     
   3660.00000000000        1.12329341853842     
   3670.00000000000        1.12724973636690     
   3680.00000000000        1.13120846723873     
   3690.00000000000        1.13516878712578     
   3700.00000000000        1.13913066370113     
   3710.00000000000        1.14309476401956     
   3720.00000000000        1.14705963456016     
   3730.00000000000        1.15102688712889     
   3740.00000000000        1.15499641642553     
   3750.00000000000        1.16358866400777     
   3760.00000000000        1.16758370277575     
   3770.00000000000        1.17157974466843     
   3780.00000000000        1.17557794185066     
   3790.00000000000        1.17957796553223     
   3800.00000000000        1.18357931388420     
   3810.00000000000        1.18758297960865     
   3820.00000000000        1.19158821941401     
   3830.00000000000        1.19795394338538     
   3840.00000000000        1.20197324297709     
   3850.00000000000        1.20599613689268     
   3860.00000000000        1.21001893482920     
   3870.00000000000        1.21404383269735     
   3880.00000000000        1.21807041453908     
   3890.00000000000        1.22209888134103     
   3900.00000000000        1.22612982766090     
   3910.00000000000        1.23016158134981     
   3920.00000000000        1.23902703059333     
   3930.00000000000        1.24308450715459     
   3940.00000000000        1.24714401197828     
   3950.00000000000        1.25120499968063     
   3960.00000000000        1.25526625474508     
   3970.00000000000        1.25933015203288     
   3980.00000000000        1.26339670581063     
   3990.00000000000        1.26746422152052     
   4000.00000000000        1.27153297383250     
   4010.00000000000        1.27560433371116     
   4020.00000000000        1.28215907356719     
   4030.00000000000        1.28624382540439     
   4040.00000000000        1.29033074042382     
   4050.00000000000        1.29441952537294     
   4060.00000000000        1.29850986673616     
   4070.00000000000        1.30260228204140     
   4080.00000000000        1.30669651409812     
   4090.00000000000        1.31079178810087     
   4100.00000000000        1.31488865808912     
   4110.00000000000        1.31898695209591     
   4120.00000000000        1.32817999265641     
   4130.00000000000        1.33230276462272     
   4140.00000000000        1.33642840367804     
   4150.00000000000        1.34055500845291     
   4160.00000000000        1.34468428635018     
   4170.00000000000        1.34881380666569     
   4180.00000000000        1.35294704765301     
   4190.00000000000        1.35708003109202     
   4200.00000000000        1.36121508318140     
   4210.00000000000        1.36535222582647     
   4220.00000000000        1.37209815090737     
   4230.00000000000        1.37624900141159     
   4240.00000000000        1.38040204008331     
   4250.00000000000        1.38455613274010     
   4260.00000000000        1.38871237999267     
   4270.00000000000        1.39287004120403     
   4280.00000000000        1.39702863308977     
   4290.00000000000        1.40118930457067     
   4300.00000000000        1.40535211990593     
   4310.00000000000        1.40951556910483     
   4320.00000000000        1.41368114312561     
   4330.00000000000        1.42320240058756     
   4340.00000000000        1.42739339922810     
   4350.00000000000        1.43158359263403     
   4360.00000000000        1.43577840474704     
   4370.00000000000        1.43997297317886     
   4380.00000000000        1.44417035112617     
   4390.00000000000        1.44836795102263     
   4400.00000000000        1.45256770798478     
   4410.00000000000        1.45677012958823     
   4420.00000000000        1.46097202775719     
   4430.00000000000        1.46517721420935     
   4440.00000000000        1.46938414448027     
   4450.00000000000        1.47634541234837     
   4460.00000000000        1.48056529130540     
   4470.00000000000        1.48478769397017     
   4480.00000000000        1.48901016665197     
   4490.00000000000        1.49323457434323     
   4500.00000000000        1.49746081825919     
   4510.00000000000        1.50169062459183     
   4520.00000000000        1.50591800060369     
   4530.00000000000        1.51014913011426     
   4540.00000000000        1.51438131952683     
   4550.00000000000        1.51861578018828     
   4560.00000000000        1.52285242988072     
   4570.00000000000        1.53274625641184     
   4580.00000000000        1.53700637064444     
   4590.00000000000        1.54126904530088     
   4600.00000000000        1.54553102365129     
   4610.00000000000        1.54979702526592     
   4620.00000000000        1.55406265563660     
   4630.00000000000        1.55833193134961     
   4640.00000000000        1.56259896791907     
   4650.00000000000        1.56686893563705     
   4660.00000000000        1.57114199013520     
   4670.00000000000        1.57541650829177     
   4680.00000000000        1.57969007141357     
   4690.00000000000        1.58396651657555     
   4700.00000000000        1.59115651008396     
   4710.00000000000        1.59544731729790     
   4720.00000000000        1.59973838785596     
   4730.00000000000        1.60403382839742     
   4740.00000000000        1.60832798371207     
   4750.00000000000        1.61262257881328     
   4760.00000000000        1.61692015694947     
   4770.00000000000        1.62121953229298     
   4780.00000000000        1.62551991964681     
   4790.00000000000        1.62982270050101     
   4800.00000000000        1.63412522594835     
   4810.00000000000        1.63843001115989     
   4820.00000000000        1.64273473653146     
   4830.00000000000        1.64704326097348     
   4840.00000000000        1.65735709711658     
   4850.00000000000        1.66168894642635     
   4860.00000000000        1.66602342241821     
   4870.00000000000        1.67035782268546     
   4880.00000000000        1.67469279904714     
   4890.00000000000        1.67903203813758     
   4900.00000000000        1.68337093561111     
   4910.00000000000        1.68770950403179     
   4920.00000000000        1.69205388482562     
   4930.00000000000        1.69639536054936     
   4940.00000000000        1.70074285725209     
   4950.00000000000        1.70508912920690     
   4960.00000000000        1.70943678524162     
   4970.00000000000        1.71378476359978     
   4980.00000000000        1.71813612321759     
   4990.00000000000        1.72558726488828     
   5000.00000000000        1.72995028994221     
   5010.00000000000        1.73431630005259     
   5020.00000000000        1.73868385629175     
   5030.00000000000        1.74305242846612     
   5040.00000000000        1.74742135739177     
   5050.00000000000        1.75179230144042     
   5060.00000000000        1.75616380155184     
   5070.00000000000        1.76053782902027     
   5080.00000000000        1.76491384117621     
   5090.00000000000        1.76928999053712     
   5100.00000000000        1.77366974424339     
   5110.00000000000        1.77804561632182     
   5120.00000000000        1.78242902534153     
   5130.00000000000        1.78680902722839     
   5140.00000000000        1.79119227874079     
   5150.00000000000        1.80198203697385     
   5160.00000000000        1.80638726262721     
   5170.00000000000        1.81079697110381     
   5180.00000000000        1.81520910935835     
   5190.00000000000        1.81962032055971     
   5200.00000000000        1.82403219284218     
   5210.00000000000        1.82844608093306     
   5220.00000000000        1.83286253405138     
   5230.00000000000        1.83727876969293     
   5240.00000000000        1.84169653038731     
   5250.00000000000        1.84611520958729     
   5260.00000000000        1.85053729281056     
   5270.00000000000        1.85496044461476     
   5280.00000000000        1.85938095836083     
   5290.00000000000        1.86380672970351     
   5300.00000000000        1.86823424552806     
   5310.00000000000        1.87596171642137     
   5320.00000000000        1.88040287651209     
   5330.00000000000        1.88484213811586     
   5340.00000000000        1.88928401136568     
   5350.00000000000        1.89372857475302     
   5360.00000000000        1.89817225776848     
   5370.00000000000        1.90261802524218     
   5380.00000000000        1.90706546241345     
   5390.00000000000        1.91151451656449     
   5400.00000000000        1.91596641934302     
   5410.00000000000        1.92041728344335     
   5420.00000000000        1.92486822873174     
   5430.00000000000        1.92931957449623     
   5440.00000000000        1.93377761510805     
   5450.00000000000        1.93823389322865     
   5460.00000000000        1.94269215923365     
   5470.00000000000        1.94715048008319     
   5480.00000000000        1.95160885411744     
   5490.00000000000        1.96290254339126     
   5500.00000000000        1.96738567806560     
   5510.00000000000        1.97187129787289     
   5520.00000000000        1.97635669056472     
   5530.00000000000        1.98084628516566     
   5540.00000000000        1.98533604266318     
   5550.00000000000        1.98982482221638     
   5560.00000000000        1.99431641628434     
   5570.00000000000        1.99880937338579     
   5580.00000000000        2.00330368812052     
   5590.00000000000        2.00780029612024     
   5600.00000000000        2.01229883907522     
   5610.00000000000        2.01679419326833     
   5620.00000000000        2.02129381246927     
   5630.00000000000        2.02579669763709     
   5640.00000000000        2.03029517307085     
   5650.00000000000        2.03479880060720     
   5660.00000000000        2.03930159815124     
   5670.00000000000        2.04381171866256     
   5680.00000000000        2.05184963181703     
   5690.00000000000        2.05636849372589     
   5700.00000000000        2.06088886192224     
   5710.00000000000        2.06540997198167     
   5720.00000000000        2.06993284797554     
   5730.00000000000        2.07445592182196     
   5740.00000000000        2.07898058254062     
   5750.00000000000        2.08350397218581     
   5760.00000000000        2.08803493470149     
   5770.00000000000        2.09255688510095     
   5780.00000000000        2.09708862291201     
   5790.00000000000        2.10162386808815     
   5800.00000000000        2.10615226123794     
   5810.00000000000        2.11068417594100     
   5820.00000000000        2.11521740497034     
   5830.00000000000        2.11975348357069     
   5840.00000000000        2.12429134520000     
   5850.00000000000        2.12883023356171     
   5860.00000000000        2.13336939563869     
   5870.00000000000        2.13790765493662     
   5880.00000000000        2.14244861865861     
   5890.00000000000        2.15433167641824     
   5900.00000000000        2.15889896650560     
   5910.00000000000        2.16346489729361     
   5920.00000000000        2.16803225589602     
   5930.00000000000        2.17260119014392     
   5940.00000000000        2.17717001272146     
   5950.00000000000        2.18174181864272     
   5960.00000000000        2.18631326223613     
   5970.00000000000        2.19088967087760     
   5980.00000000000        2.19546178678118     
   5990.00000000000        2.20003818299361     
   6000.00000000000        2.20461334998515     
   6010.00000000000        2.20919349982645     
   6020.00000000000        2.21376954718653     
   6030.00000000000        2.21835029742429     
   6040.00000000000        2.22293403667469     
   6050.00000000000        2.22751398753568     
   6060.00000000000        2.23209979131717     
   6070.00000000000        2.23668458281752     
   6080.00000000000        2.24126992026307     
   6090.00000000000        2.24585845290677     
   6100.00000000000        2.25044599362004     
   6110.00000000000        2.25884468878421     
   6120.00000000000        2.26344461730727     
   6130.00000000000        2.26804936334526     
   6140.00000000000        2.27265086862806     
   6150.00000000000        2.27725472432510     
   6160.00000000000        2.28186161585535     
   6170.00000000000        2.28646799429404     
   6180.00000000000        2.29107514861533     
   6190.00000000000        2.29568567524176     
   6200.00000000000        2.30029607347953     
   6210.00000000000        2.30490529810054     
   6220.00000000000        2.30951710427809     
   6230.00000000000        2.31413213713210     
   6240.00000000000        2.31874667403953     
   6250.00000000000        2.32336206705314     
   6260.00000000000        2.32798246608334     
   6270.00000000000        2.33259889063574     
   6280.00000000000        2.33721805055536     
   6290.00000000000        2.34183909718681     
   6300.00000000000        2.34645876661184     
   6310.00000000000        2.35108205964680     
   6320.00000000000        2.35570525683638     
   6330.00000000000        2.36032440187393     
   6340.00000000000        2.36495340444372     
   6350.00000000000        2.37750745881720     
   6360.00000000000        2.38215213958304     
   6370.00000000000        2.38680861003603     
   6380.00000000000        2.39145469669380     
   6390.00000000000        2.39611091949078     
   6400.00000000000        2.40076297372820     
   6410.00000000000        2.40541813674825     
   6420.00000000000        2.41007404527076     
   6430.00000000000        2.41472989049932     
   6440.00000000000        2.41938759199455     
   6450.00000000000        2.42404814403433     
   6460.00000000000        2.42870847922379     
   6470.00000000000        2.43336490452506     
   6480.00000000000        2.43802770600048     
   6490.00000000000        2.44269404413009     
   6500.00000000000        2.44735865542970     
   6510.00000000000        2.45202040095635     
   6520.00000000000        2.45669061851728     
   6530.00000000000        2.46135437649393     
   6540.00000000000        2.46602245313458     
   6550.00000000000        2.47069098705985     
   6560.00000000000        2.47536223799964     
   6570.00000000000        2.48003699973445     
   6580.00000000000        2.48471125239955     
   6590.00000000000        2.48938217902625     
   6600.00000000000        2.49405618543427     
   6610.00000000000        2.50286423054052     
   6620.00000000000        2.50754937087706     
   6630.00000000000        2.51224114652909     
   6640.00000000000        2.51692732543897     
   6650.00000000000        2.52161626779355     
   6660.00000000000        2.52630972426915     
   6670.00000000000        2.53100428352786     
   6680.00000000000        2.53569528034353     
   6690.00000000000        2.54039049399052     
   6700.00000000000        2.54508525838705     
   6710.00000000000        2.54978264168339     
   6720.00000000000        2.55447925960695     
   6730.00000000000        2.55917944832586     
   6740.00000000000        2.56387515109671     
   6750.00000000000        2.56858185979293     
   6760.00000000000        2.57328129206868     
   6770.00000000000        2.57798706790594     
   6780.00000000000        2.58269056487392     
   6790.00000000000        2.58739652272576     
   6800.00000000000        2.59210280027931     
   6810.00000000000        2.59680937709185     
   6820.00000000000        2.60151936602644     
   6830.00000000000        2.60622168181657     
   6840.00000000000        2.61093302572207     
   6850.00000000000        2.61564772273267     
   6860.00000000000        2.62035797198821     
   6870.00000000000        2.62507030558241     
   6880.00000000000        2.62978246545821     
   6890.00000000000        2.64311348752761     
   6900.00000000000        2.64784702358979     
   6910.00000000000        2.65258777494109     
   6920.00000000000        2.65732847040108     
   6930.00000000000        2.66206620004671     
   6940.00000000000        2.66680680365249     
   6950.00000000000        2.67155025853213     
   6960.00000000000        2.67629136300756     
   6970.00000000000        2.68103632987339     
   6980.00000000000        2.68578214345918     
   6990.00000000000        2.69052654402893     
   7000.00000000000        2.69527369641066     
   7010.00000000000        2.70002283630100     
   7020.00000000000        2.70477631422295     
   7030.00000000000        2.70952146812205     
   7040.00000000000        2.71428008500945     
   7050.00000000000        2.71902517145653     
   7060.00000000000        2.72378116261642     
   7070.00000000000        2.72853499503578     
   7080.00000000000        2.73329068988780     
   7090.00000000000        2.73804697497166     
   7100.00000000000        2.74280043120030     
   7110.00000000000        2.74755981017957     
   7120.00000000000        2.75232022465620     
   7130.00000000000        2.75707926627617     
   7140.00000000000        2.76183881328915     
   7150.00000000000        2.76659745950923     
   7160.00000000000        2.77136172818615     
   7170.00000000000        2.77613010394592     
   7180.00000000000        2.78089176784591     
   7190.00000000000        2.78565822579081     
   7200.00000000000        2.79492558214660     
   7210.00000000000        2.79970977881106     
   7220.00000000000        2.80448850479672     
   7230.00000000000        2.80926691972554     
   7240.00000000000        2.81405041438929     
   7250.00000000000        2.81883167337497     
   7260.00000000000        2.82361024386809     
   7270.00000000000        2.82839498937807     
   7280.00000000000        2.83317843007217     
   7290.00000000000        2.83796211508057     
   7300.00000000000        2.84275187336720     
   7310.00000000000        2.84753691770987     
   7320.00000000000        2.85232508575355     
   7330.00000000000        2.85711441749284     
   7340.00000000000        2.86190715992121     
   7350.00000000000        2.86669753822380     
   7360.00000000000        2.87149274018248     
   7370.00000000000        2.87628491599297     
   7380.00000000000        2.88107894556971     
   7390.00000000000        2.88587250831858     
   7400.00000000000        2.89066681505552     
   7410.00000000000        2.89546585919547     
   7420.00000000000        2.90026130920536     
   7430.00000000000        2.90505981863413     
   7440.00000000000        2.90985850100762     
   7450.00000000000        2.91465992212340     
   7460.00000000000        2.91946046210095     
   7470.00000000000        2.92426642367126     
   7480.00000000000        2.92906474423625     
   7490.00000000000        2.93386963232221     
   7500.00000000000        2.93867424300676     
   7510.00000000000        2.94348053804898     
   7520.00000000000        2.94829114645815     
   7530.00000000000        2.96251794992854     
   7540.00000000000        2.96734788369889     
   7550.00000000000        2.97217669088775     
   7560.00000000000        2.97701665380492     
   7570.00000000000        2.98184722911003     
   7580.00000000000        2.98667719543139     
   7590.00000000000        2.99151121641354     
   7600.00000000000        2.99634587251328     
   7610.00000000000        3.00117856404383     
   7620.00000000000        3.00602624250304     
   7630.00000000000        3.01085571143484     
   7640.00000000000        3.01569742826921     
   7650.00000000000        3.02053779142953     
   7660.00000000000        3.02537764055128     
   7670.00000000000        3.03021845331113     
   7680.00000000000        3.03506056135129     
   7690.00000000000        3.03990659821607     
   7700.00000000000        3.04474848941666     
   7710.00000000000        3.04959761113807     
   7720.00000000000        3.05444277478925     
   7730.00000000000        3.05928599164667     
   7740.00000000000        3.06414057234750     
   7750.00000000000        3.06898494339492     
   7760.00000000000        3.07383271239472     
   7770.00000000000        3.07868288880699     
   7780.00000000000        3.08353335968532     
   7790.00000000000        3.08838632971096     
   7800.00000000000        3.09324458412480     
   7810.00000000000        3.09809368655851     
   7820.00000000000        3.10294862935466     
   7830.00000000000        3.10779842850237     
   7840.00000000000        3.11266201883049     
   7850.00000000000        3.11750927656196     
   7860.00000000000        3.12237351269140     
   7870.00000000000        3.12722829736865     
   7880.00000000000        3.13209350078188     
   7890.00000000000        3.13694595486283     
   7900.00000000000        3.14181195433264     
   7910.00000000000        3.15163609096541     
   7920.00000000000        3.15650758946362     
   7930.00000000000        3.16138572866464     
   7940.00000000000        3.16625786598199     
   7950.00000000000        3.17113378723947     
   7960.00000000000        3.17601215394449     
   7970.00000000000        3.18088793857450     
   7980.00000000000        3.18577392012987     
   7990.00000000000        3.19065042354026     
   8000.00000000000        3.19553033558219     
   8010.00000000000        3.20041691654711     
   8020.00000000000        3.20529654826147     
   8030.00000000000        3.21018423273282     
   8040.00000000000        3.21505849718829     
   8050.00000000000        3.21995306249526     
   8060.00000000000        3.22484158163235     
   8070.00000000000        3.22971264860869     
   8080.00000000000        3.23460610298951     
   8090.00000000000        3.23949785268259     
   8100.00000000000        3.24438500452325     
   8110.00000000000        3.24927140185712     
   8120.00000000000        3.25416855554836     
   8130.00000000000        3.25905293383659     
   8140.00000000000        3.26394796216950     
   8150.00000000000        3.26884159006427     
   8160.00000000000        3.27373177506454     
   8170.00000000000        3.27863175262224     
   8180.00000000000        3.28352797881041     
   8190.00000000000        3.28842248159282     
   8200.00000000000        3.29332697181382     
   8210.00000000000        3.29821446907032     
   8220.00000000000        3.30311970164376     
   8230.00000000000        3.30801675651042     
   8240.00000000000        3.31290845809958     
   8250.00000000000        3.31781062568594     
   8260.00000000000        3.32271951938938     
   8270.00000000000        3.32762466797548     
   8280.00000000000        3.33253825440342     
   8290.00000000000        3.33743080108945     
   8300.00000000000        3.34233828495607     
   8310.00000000000        3.35765605010344     
   8320.00000000000        3.36258924959421     
   8330.00000000000        3.36751319931057     
   8340.00000000000        3.37244293893686     
   8350.00000000000        3.37737991112460     
   8360.00000000000        3.38230848316997     
   8370.00000000000        3.38724488612093     
   8380.00000000000        3.39217533053009     
   8390.00000000000        3.39710690086869     
   8400.00000000000        3.40204390700761     
   8410.00000000000        3.40696938947118     
   8420.00000000000        3.41191400783503     
   8430.00000000000        3.41685412726768     
   8440.00000000000        3.42179465870465     
   8450.00000000000        3.42672966123298     
   8460.00000000000        3.43166531092852     
   8470.00000000000        3.43660306711433     
   8480.00000000000        3.44154818107041     
   8490.00000000000        3.44648433278350     
   8500.00000000000        3.45143697721537     
   8510.00000000000        3.45637866295068     
   8520.00000000000        3.46132513043378     
   8530.00000000000        3.46627332788018     
   8540.00000000000        3.47121079184034     
   8550.00000000000        3.47616642454586     
   8560.00000000000        3.48111374555440     
   8570.00000000000        3.48605834238564     
   8580.00000000000        3.49100611120474     
   8590.00000000000        3.49595431045353     
   8600.00000000000        3.50089035788722     
   8610.00000000000        3.50585434713247     
   8620.00000000000        3.51080425397777     
   8630.00000000000        3.51576283627717     
   8640.00000000000        3.52072278100549     
   8650.00000000000        3.52567328406284     
   8660.00000000000        3.53062971251988     
   8670.00000000000        3.53558115824674     
   8680.00000000000        3.54052592642233     
   8690.00000000000        3.54549233576096     
   8700.00000000000        3.55045187175653     
   8710.00000000000        3.55541705054823     
   8720.00000000000        3.56036810368333     
   8730.00000000000        3.56533045000202     
   8740.00000000000        3.57029649818341     
   8750.00000000000        3.57526266212450     
   8760.00000000000        3.58021614773723     
   8770.00000000000        3.59068886914427     
   8780.00000000000        3.59566823260097     
   8790.00000000000        3.60062978170048     
   8800.00000000000        3.60560833148530     
   8810.00000000000        3.61058256472011     
   8820.00000000000        3.61556769391877     
   8830.00000000000        3.62054417669337     
   8840.00000000000        3.62552613265091     
   8850.00000000000        3.63051154709575     
   8860.00000000000        3.63548653362141     
   8870.00000000000        3.64046392532768     
   8880.00000000000        3.64545420081452     
   8890.00000000000        3.65042811820297     
   8900.00000000000        3.65542436550331     
   8910.00000000000        3.66039529787871     
   8920.00000000000        3.66539618107012     
   8930.00000000000        3.67037290336663     
   8940.00000000000        3.67535674949781     
   8950.00000000000        3.68034373400900     
   8960.00000000000        3.68533002448763     
   8970.00000000000        3.69032050367441     
   8980.00000000000        3.69531742041482     
   8990.00000000000        3.70030780672652     
   9000.00000000000        3.70530175075818     
