  0.000000000000000E+000  0.000000000000000E+000
   10.0000000000000       0.000000000000000E+000
   20.0000000000000       0.000000000000000E+000
   30.0000000000000       0.000000000000000E+000
   40.0000000000000       0.000000000000000E+000
   50.0000000000000       0.000000000000000E+000
   60.0000000000000       0.000000000000000E+000
   70.0000000000000       0.000000000000000E+000
   80.0000000000000       0.000000000000000E+000
   90.0000000000000       0.000000000000000E+000
   100.000000000000       0.000000000000000E+000
   110.000000000000       0.000000000000000E+000
   120.000000000000       0.000000000000000E+000
   130.000000000000       0.000000000000000E+000
   140.000000000000       0.000000000000000E+000
   150.000000000000       0.000000000000000E+000
   160.000000000000       0.000000000000000E+000
   170.000000000000       0.000000000000000E+000
   180.000000000000       0.000000000000000E+000
   190.000000000000       0.000000000000000E+000
   200.000000000000       0.000000000000000E+000
   210.000000000000       0.000000000000000E+000
   220.000000000000       0.000000000000000E+000
   230.000000000000       0.000000000000000E+000
   240.000000000000       0.000000000000000E+000
   250.000000000000       0.000000000000000E+000
   260.000000000000       0.000000000000000E+000
   270.000000000000       0.000000000000000E+000
   280.000000000000       0.000000000000000E+000
   290.000000000000       0.000000000000000E+000
   300.000000000000       0.000000000000000E+000
   310.000000000000       0.000000000000000E+000
   320.000000000000       0.000000000000000E+000
   330.000000000000       0.000000000000000E+000
   340.000000000000       0.000000000000000E+000
   350.000000000000       0.000000000000000E+000
   360.000000000000       0.000000000000000E+000
   370.000000000000       0.000000000000000E+000
   380.000000000000       0.000000000000000E+000
   390.000000000000       0.000000000000000E+000
   400.000000000000       0.000000000000000E+000
   410.000000000000       0.000000000000000E+000
   420.000000000000       0.000000000000000E+000
   430.000000000000       0.000000000000000E+000
   440.000000000000       0.000000000000000E+000
   450.000000000000       0.000000000000000E+000
   460.000000000000       0.000000000000000E+000
   470.000000000000       0.000000000000000E+000
   480.000000000000       0.000000000000000E+000
   490.000000000000       0.000000000000000E+000
   500.000000000000       0.000000000000000E+000
   510.000000000000       0.000000000000000E+000
   520.000000000000       0.000000000000000E+000
   530.000000000000       0.000000000000000E+000
   540.000000000000       0.000000000000000E+000
   550.000000000000       0.000000000000000E+000
   560.000000000000       0.000000000000000E+000
   570.000000000000       0.000000000000000E+000
   580.000000000000       0.000000000000000E+000
   590.000000000000       0.000000000000000E+000
   600.000000000000       0.000000000000000E+000
   610.000000000000       0.000000000000000E+000
   620.000000000000       0.000000000000000E+000
   630.000000000000       0.000000000000000E+000
   640.000000000000       0.000000000000000E+000
   650.000000000000       0.000000000000000E+000
   660.000000000000       0.000000000000000E+000
   670.000000000000       0.000000000000000E+000
   680.000000000000       0.000000000000000E+000
   690.000000000000       0.000000000000000E+000
   700.000000000000       0.000000000000000E+000
   710.000000000000       0.000000000000000E+000
   720.000000000000       0.000000000000000E+000
   730.000000000000       0.000000000000000E+000
   740.000000000000       0.000000000000000E+000
   750.000000000000       0.000000000000000E+000
   760.000000000000       0.000000000000000E+000
   770.000000000000       0.000000000000000E+000
   780.000000000000       0.000000000000000E+000
   790.000000000000       0.000000000000000E+000
   800.000000000000       0.000000000000000E+000
   810.000000000000       0.000000000000000E+000
   820.000000000000       0.000000000000000E+000
   830.000000000000       0.000000000000000E+000
   840.000000000000       1.865617860598247E-007
   850.000000000000       7.915803215204215E-007
   860.000000000000       1.839756843609266E-006
   870.000000000000       3.351756150943672E-006
   880.000000000000       5.349099288591675E-006
   890.000000000000       7.849486585015504E-006
   900.000000000000       1.087046111530991E-005
   910.000000000000       1.442784638157741E-005
   920.000000000000       1.853620984213342E-005
   930.000000000000       2.320886469206724E-005
   940.000000000000       2.845801329204897E-005
   950.000000000000       3.429474656378334E-005
   960.000000000000       4.072920535759471E-005
   970.000000000000       4.777051140701390E-005
   980.000000000000       5.542694142951957E-005
   990.000000000000       6.370588595811468E-005
   1000.00000000000       7.261401900782496E-005
   1010.00000000000       8.215719633874124E-005
   1020.00000000000       9.234058750546676E-005
   1030.00000000000       1.031687653145941E-004
   1040.00000000000       1.146456335032667E-004
   1050.00000000000       1.267744873579503E-004
   1060.00000000000       1.395581279615647E-004
   1070.00000000000       1.529988372928526E-004
   1080.00000000000       1.670983986934435E-004
   1090.00000000000       1.818582292978245E-004
   1100.00000000000       1.972791488044789E-004
   1110.00000000000       2.133616324125284E-004
   1120.00000000000       2.301059432765947E-004
   1130.00000000000       2.475118633795019E-004
   1140.00000000000       2.655787389127096E-004
   1150.00000000000       2.843058988142253E-004
   1160.00000000000       3.036921024921904E-004
   1170.00000000000       3.237359046404865E-004
   1180.00000000000       3.444358506412760E-004
   1190.00000000000       3.657897782308645E-004
   1200.00000000000       3.877957708767037E-004
   1210.00000000000       4.104515330241609E-004
   1220.00000000000       4.337543732787778E-004
   1230.00000000000       4.577017339807547E-004
   1240.00000000000       4.822906818278589E-004
   1250.00000000000       5.075184611329428E-004
   1260.00000000000       5.333814976931351E-004
   1270.00000000000       5.598768181591771E-004
   1280.00000000000       5.870009119839833E-004
   1290.00000000000       6.147502934943298E-004
   1300.00000000000       6.431214327152110E-004
   1310.00000000000       6.721103241798377E-004
   1320.00000000000       7.017133908066198E-004
   1330.00000000000       7.319266915364443E-004
   1340.00000000000       7.627459445773505E-004
   1350.00000000000       7.941675448983437E-004
   1360.00000000000       8.261870453061855E-004
   1370.00000000000       8.588008745375417E-004
   1380.00000000000       8.920042480696730E-004
   1390.00000000000       9.257929823860896E-004
   1400.00000000000       9.601626402895106E-004
   1410.00000000000       9.951092570312126E-004
   1420.00000000000       1.030628491360917E-003
   1430.00000000000       1.066715444187979E-003
   1440.00000000000       1.103366531528270E-003
   1450.00000000000       1.140576245331489E-003
   1460.00000000000       1.178341078931107E-003
   1470.00000000000       1.216655761780864E-003
   1480.00000000000       1.255516474482291E-003
   1490.00000000000       1.294918714079190E-003
   1500.00000000000       1.334857558669808E-003
   1510.00000000000       1.375328584080646E-003
   1520.00000000000       1.416327598881247E-003
   1530.00000000000       1.457849941254321E-003
   1540.00000000000       1.499891167448668E-003
   1550.00000000000       1.542446532445000E-003
   1560.00000000000       1.585512212671121E-003
   1570.00000000000       1.629083127219848E-003
   1580.00000000000       1.673155124484149E-003
   1590.00000000000       1.717723639927462E-003
   1600.00000000000       1.762783970891327E-003
   1610.00000000000       1.808332397813139E-003
   1620.00000000000       1.854364380336222E-003
   1630.00000000000       1.900876040780775E-003
   1640.00000000000       1.947861282035657E-003
   1650.00000000000       1.995318026029126E-003
   1660.00000000000       2.043239830236822E-003
   1670.00000000000       2.091623308851668E-003
   1680.00000000000       2.140465492012408E-003
   1690.00000000000       2.189760147399930E-003
   1700.00000000000       2.239503939915653E-003
   1710.00000000000       2.289693394326349E-003
   1720.00000000000       2.340323416403933E-003
   1730.00000000000       2.391389941397930E-003
   1740.00000000000       2.442889106649096E-003
   1750.00000000000       2.494816727416641E-003
   1760.00000000000       2.547168899487324E-003
   1770.00000000000       2.599942195895721E-003
   1780.00000000000       2.653130861853152E-003
   1790.00000000000       2.706733339341153E-003
   1800.00000000000       2.760744279012331E-003
   1810.00000000000       2.815160254598792E-003
   1820.00000000000       2.869977284609311E-003
   1830.00000000000       2.925191306359711E-003
   1840.00000000000       2.980798282785050E-003
   1850.00000000000       3.036795719946772E-003
   1860.00000000000       3.093177743671892E-003
   1870.00000000000       3.149943274133328E-003
   1880.00000000000       3.207086337533836E-003
   1890.00000000000       3.264604527214976E-003
   1900.00000000000       3.322494240405340E-003
   1910.00000000000       3.380751041055015E-003
   1920.00000000000       3.439373714689291E-003
   1930.00000000000       3.498355472752748E-003
   1940.00000000000       3.557695082216967E-003
   1950.00000000000       3.617388140648417E-003
   1960.00000000000       3.677431158402711E-003
   1970.00000000000       3.737822630799908E-003
   1980.00000000000       3.798555549056123E-003
   1990.00000000000       3.859630823449657E-003
   2000.00000000000       3.921041631396851E-003
   2010.00000000000       3.982786968996733E-003
   2020.00000000000       4.044861654459888E-003
   2030.00000000000       4.107265190790281E-003
   2040.00000000000       4.169991999951000E-003
   2050.00000000000       4.233040630219917E-003
   2060.00000000000       4.296407687718089E-003
   2070.00000000000       4.360086902516171E-003
   2080.00000000000       4.424080987644679E-003
   2090.00000000000       4.488381208359401E-003
   2100.00000000000       4.552989811511689E-003
   2110.00000000000       4.617897568410012E-003
   2120.00000000000       4.683107630622968E-003
   2130.00000000000       4.748614478444546E-003
   2140.00000000000       4.814414218272780E-003
   2150.00000000000       4.880508043395322E-003
   2160.00000000000       4.946886470418599E-003
   2170.00000000000       5.013551889467171E-003
   2180.00000000000       5.080502406642907E-003
   2190.00000000000       5.147730231502086E-003
   2200.00000000000       5.215237457111823E-003
   2210.00000000000       5.283017260523097E-003
   2220.00000000000       5.351071420099121E-003
   2230.00000000000       5.419394871847231E-003
   2240.00000000000       5.487985353361546E-003
   2250.00000000000       5.556837950649988E-003
   2260.00000000000       5.625952499087258E-003
   2270.00000000000       5.695328742707933E-003
   2280.00000000000       5.764959294679998E-003
   2290.00000000000       5.834844620522577E-003
   2300.00000000000       5.904982898286827E-003
   2310.00000000000       5.975367685411763E-003
   2320.00000000000       6.045999313951489E-003
   2330.00000000000       6.116882814700561E-003
   2340.00000000000       6.187998975185546E-003
   2350.00000000000       6.259361565774463E-003
   2360.00000000000       6.330959104082515E-003
   2370.00000000000       6.402791668884910E-003
   2380.00000000000       6.474856285392492E-003
   2390.00000000000       6.547153327813287E-003
   2400.00000000000       6.619677648324353E-003
   2410.00000000000       6.692430698233436E-003
   2420.00000000000       6.765405767042890E-003
   2430.00000000000       6.838605326474684E-003
   2440.00000000000       6.912021765018630E-003
   2450.00000000000       6.985658803279602E-003
   2460.00000000000       7.059510216131454E-003
   2470.00000000000       7.133574860319124E-003
   2480.00000000000       7.207850993001975E-003
   2490.00000000000       7.282338174778493E-003
   2500.00000000000       7.357030444272750E-003
   2510.00000000000       7.431929534283603E-003
   2520.00000000000       7.507031921346494E-003
   2530.00000000000       7.582335809647431E-003
   2540.00000000000       7.657844128332414E-003
   2550.00000000000       7.733548369070416E-003
   2560.00000000000       7.809447038169072E-003
   2570.00000000000       7.885539321052860E-003
   2580.00000000000       7.961822850538638E-003
   2590.00000000000       8.038300971140482E-003
   2600.00000000000       8.114965545154026E-003
   2610.00000000000       8.191815449455127E-003
   2620.00000000000       8.268851326349138E-003
   2630.00000000000       8.346072647540647E-003
   2640.00000000000       8.423471134736965E-003
   2650.00000000000       8.501057480350108E-003
   2660.00000000000       8.578817653827673E-003
   2670.00000000000       8.656750939540041E-003
   2680.00000000000       8.734862250529869E-003
   2690.00000000000       8.813143036705480E-003
   2700.00000000000       8.891602018948159E-003
   2710.00000000000       8.970222702293546E-003
   2720.00000000000       9.049022554419929E-003
   2730.00000000000       9.127984115186673E-003
   2740.00000000000       9.207108349049137E-003
   2750.00000000000       9.286399453864174E-003
   2760.00000000000       9.365848247833533E-003
   2770.00000000000       9.445460132151967E-003
   2780.00000000000       9.525233021224806E-003
   2790.00000000000       9.605159205098947E-003
   2800.00000000000       9.685246784983762E-003
   2810.00000000000       9.765485773345016E-003
   2820.00000000000       9.845881366903399E-003
   2830.00000000000       9.926422085123010E-003
   2840.00000000000       1.000711713584581E-002
   2850.00000000000       1.008796273056405E-002
   2860.00000000000       1.016895352195444E-002
   2870.00000000000       1.025009063006349E-002
   2880.00000000000       1.033137563837263E-002
   2890.00000000000       1.041280548444998E-002
   2900.00000000000       1.049437334491377E-002
   2910.00000000000       1.057607825767028E-002
   2920.00000000000       1.065792772532111E-002
   2930.00000000000       1.073991321020869E-002
   2940.00000000000       1.082203266701798E-002
   2950.00000000000       1.090429441319977E-002
   2960.00000000000       1.098668516185427E-002
   2970.00000000000       1.106921076768578E-002
   2980.00000000000       1.115187179378299E-002
   2990.00000000000       1.123466199735061E-002
   3000.00000000000       1.131757805949119E-002
   3010.00000000000       1.140061909815363E-002
   3020.00000000000       1.148379759976650E-002
   3030.00000000000       1.156709759139573E-002
   3040.00000000000       1.165052328728733E-002
   3050.00000000000       1.173406762238565E-002
   3060.00000000000       1.181774178886226E-002
   3070.00000000000       1.190153215119918E-002
   3080.00000000000       1.198544349060417E-002
   3090.00000000000       1.206947155955303E-002
   3100.00000000000       1.215362079579180E-002
   3110.00000000000       1.223788604596990E-002
   3120.00000000000       1.232226570344318E-002
   3130.00000000000       1.240676295523236E-002
   3140.00000000000       1.249136629465147E-002
   3150.00000000000       1.257609027159440E-002
   3160.00000000000       1.266092261928456E-002
   3170.00000000000       1.274587184402332E-002
   3180.00000000000       1.283092392165652E-002
   3190.00000000000       1.291608379434794E-002
   3200.00000000000       1.300134737432852E-002
   3210.00000000000       1.308672744044113E-002
   3220.00000000000       1.317220910100605E-002
   3230.00000000000       1.325779630929286E-002
   3240.00000000000       1.334348440421747E-002
   3250.00000000000       1.342927414758155E-002
   3260.00000000000       1.351517149412153E-002
   3270.00000000000       1.360115917183303E-002
   3280.00000000000       1.368724918009335E-002
   3290.00000000000       1.377344366707993E-002
   3300.00000000000       1.385973868803354E-002
   3310.00000000000       1.394612284728680E-002
   3320.00000000000       1.403261146232778E-002
   3330.00000000000       1.411919260422533E-002
   3340.00000000000       1.420586243627949E-002
   3350.00000000000       1.429263015264841E-002
   3360.00000000000       1.437949047049290E-002
   3370.00000000000       1.446643647541069E-002
   3380.00000000000       1.455349226053433E-002
   3390.00000000000       1.464061899793628E-002
   3400.00000000000       1.472783225793933E-002
   3410.00000000000       1.481515207009012E-002
   3420.00000000000       1.490255514673209E-002
   3430.00000000000       1.499003545075885E-002
   3440.00000000000       1.507760831948867E-002
   3450.00000000000       1.516527266307967E-002
   3460.00000000000       1.525301410169986E-002
   3470.00000000000       1.534084262225652E-002
   3480.00000000000       1.542874711743537E-002
   3490.00000000000       1.551673334960094E-002
   3500.00000000000       1.560480667547542E-002
   3510.00000000000       1.569296098267898E-002
   3520.00000000000       1.578119371984103E-002
   3530.00000000000       1.586948832223503E-002
   3540.00000000000       1.595789234784126E-002
   3550.00000000000       1.604636337929810E-002
   3560.00000000000       1.613491411523349E-002
   3570.00000000000       1.622352239877329E-002
   3580.00000000000       1.631222615025251E-002
   3590.00000000000       1.640098925537722E-002
   3600.00000000000       1.648983577044374E-002
   3610.00000000000       1.657877100298445E-002
   3620.00000000000       1.666775046386396E-002
   3630.00000000000       1.675681912484460E-002
   3640.00000000000       1.684596335138705E-002
   3650.00000000000       1.693516053761016E-002
   3660.00000000000       1.702444752145604E-002
   3670.00000000000       1.711378820499095E-002
   3680.00000000000       1.720321228711611E-002
   3690.00000000000       1.729270345212918E-002
   3700.00000000000       1.738225347617732E-002
   3710.00000000000       1.747187479410462E-002
   3720.00000000000       1.756154354945713E-002
   3730.00000000000       1.765130698045021E-002
   3740.00000000000       1.774112782697967E-002
   3750.00000000000       1.783099867749300E-002
   3760.00000000000       1.792095159733893E-002
   3770.00000000000       1.801095466753817E-002
   3780.00000000000       1.810101469343445E-002
   3790.00000000000       1.819116812564107E-002
   3800.00000000000       1.828136140788517E-002
   3810.00000000000       1.837161374312607E-002
   3820.00000000000       1.846194409919730E-002
   3830.00000000000       1.855232086864019E-002
   3840.00000000000       1.864274981617744E-002
   3850.00000000000       1.873325266433611E-002
   3860.00000000000       1.882380561747083E-002
   3870.00000000000       1.891443888999425E-002
   3880.00000000000       1.900508423113324E-002
   3890.00000000000       1.909581700594300E-002
   3900.00000000000       1.918660898706258E-002
   3910.00000000000       1.927744131851633E-002
   3920.00000000000       1.936834093577038E-002
   3930.00000000000       1.945928381614349E-002
   3940.00000000000       1.955030112172741E-002
   3950.00000000000       1.964134457576539E-002
   3960.00000000000       1.973247173755922E-002
   3970.00000000000       1.982362245051340E-002
   3980.00000000000       1.991483742154312E-002
   3990.00000000000       2.000611165936973E-002
   4000.00000000000       2.009743090717361E-002
   4010.00000000000       2.018880058423347E-002
   4020.00000000000       2.028020733517115E-002
   4030.00000000000       2.037168154291935E-002
   4040.00000000000       2.046320058897730E-002
   4050.00000000000       2.055474991878899E-002
   4060.00000000000       2.064639291048196E-002
   4070.00000000000       2.073804783960185E-002
   4080.00000000000       2.082976359165336E-002
   4090.00000000000       2.092151529474868E-002
   4100.00000000000       2.101333310413508E-002
   4110.00000000000       2.110518829167434E-002
   4120.00000000000       2.119707055503940E-002
   4130.00000000000       2.128900619516161E-002
   4140.00000000000       2.138099436900981E-002
   4150.00000000000       2.147304402621454E-002
   4160.00000000000       2.156510471078029E-002
   4170.00000000000       2.165722646475679E-002
   4180.00000000000       2.174937112071406E-002
   4190.00000000000       2.184161573582398E-002
   4200.00000000000       2.193384184770826E-002
   4210.00000000000       2.202612296057511E-002
   4220.00000000000       2.211845347666741E-002
   4230.00000000000       2.221084188090616E-002
   4240.00000000000       2.230325687026917E-002
   4250.00000000000       2.239570055897121E-002
   4260.00000000000       2.248819432553397E-002
   4270.00000000000       2.258071630813203E-002
   4280.00000000000       2.267330168362808E-002
   4290.00000000000       2.276593057355057E-002
   4300.00000000000       2.285858173363226E-002
   4310.00000000000       2.295124760589372E-002
   4320.00000000000       2.304398330378212E-002
   4330.00000000000       2.313675731234506E-002
   4340.00000000000       2.322953982264410E-002
   4350.00000000000       2.332239335872676E-002
   4360.00000000000       2.341526804943745E-002
   4370.00000000000       2.350817241076715E-002
   4380.00000000000       2.360112966236484E-002
   4390.00000000000       2.369409345333313E-002
   4400.00000000000       2.378711525942889E-002
   4410.00000000000       2.388016590937022E-002
   4420.00000000000       2.397324554666072E-002
   4430.00000000000       2.406635878304471E-002
   4440.00000000000       2.415951374345520E-002
   4450.00000000000       2.425269957605812E-002
   4460.00000000000       2.434593872045003E-002
   4470.00000000000       2.443917906908391E-002
   4480.00000000000       2.453247082181314E-002
   4490.00000000000       2.462577727684301E-002
   4500.00000000000       2.471911643833124E-002
   4510.00000000000       2.481252426887702E-002
   4520.00000000000       2.490590422466093E-002
   4530.00000000000       2.499934280873647E-002
   4540.00000000000       2.509283256186004E-002
   4550.00000000000       2.518631251257304E-002
   4560.00000000000       2.527982770830197E-002
   4570.00000000000       2.537342967912758E-002
   4580.00000000000       2.546696691714645E-002
   4590.00000000000       2.556062054383920E-002
   4600.00000000000       2.565427506378326E-002
   4610.00000000000       2.574793937130121E-002
   4620.00000000000       2.584165789627123E-002
   4630.00000000000       2.593536233713614E-002
   4640.00000000000       2.602913777336442E-002
   4650.00000000000       2.619766652696093E-002
   4660.00000000000       2.629189020086136E-002
   4670.00000000000       2.668644076104623E-002
   4680.00000000000       2.678221552003302E-002
   4690.00000000000       2.687804595399940E-002
   4700.00000000000       2.712549279632335E-002
   4710.00000000000       2.722213585848337E-002
   4720.00000000000       2.762316513668781E-002
   4730.00000000000       2.772143003922703E-002
   4740.00000000000       2.781972027416403E-002
   4750.00000000000       2.807159610661929E-002
   4760.00000000000       2.817072881462498E-002
   4770.00000000000       2.857813812048984E-002
   4780.00000000000       2.867888326352582E-002
   4790.00000000000       2.877966968665353E-002
   4800.00000000000       2.903595496741793E-002
   4810.00000000000       2.913757007425953E-002
   4820.00000000000       2.955127082141575E-002
   4830.00000000000       2.965452620843073E-002
   4840.00000000000       2.975780578783263E-002
   4850.00000000000       3.001848693758684E-002
   4860.00000000000       3.012262171834516E-002
   4870.00000000000       3.054250021356524E-002
   4880.00000000000       3.064824538473995E-002
   4890.00000000000       3.075408118865181E-002
   4900.00000000000       3.101906966622413E-002
   4910.00000000000       3.112567983094742E-002
   4920.00000000000       3.123240377142306E-002
   4930.00000000000       3.165996349276618E-002
   4940.00000000000       3.176831368947165E-002
   4950.00000000000       3.187665632605664E-002
   4960.00000000000       3.214674682001763E-002
   4970.00000000000       3.225597375194123E-002
   4980.00000000000       3.268948574005593E-002
   4990.00000000000       3.280034375869451E-002
   5000.00000000000       3.291124086680494E-002
   5010.00000000000       3.318557508030182E-002
   5020.00000000000       3.329738008188426E-002
   5030.00000000000       3.340915888915875E-002
   5040.00000000000       3.385023968665980E-002
   5050.00000000000       3.396365667932290E-002
   5060.00000000000       3.407716466481003E-002
   5070.00000000000       3.435646667191950E-002
   5080.00000000000       3.447081099063378E-002
   5090.00000000000       3.458522771316112E-002
   5100.00000000000       3.503361223191940E-002
   5110.00000000000       3.514967889024251E-002
   5120.00000000000       3.526572494849373E-002
   5130.00000000000       3.555005535159109E-002
   5140.00000000000       3.566703243166402E-002
   5150.00000000000       3.578403623283484E-002
   5160.00000000000       3.623972757705592E-002
   5170.00000000000       3.635833261370893E-002
   5180.00000000000       3.647704115380667E-002
   5190.00000000000       3.676624417975452E-002
   5200.00000000000       3.688576961940166E-002
   5210.00000000000       3.700548199408082E-002
   5220.00000000000       3.746829934750783E-002
   5230.00000000000       3.758954085955923E-002
   5240.00000000000       3.771083977397134E-002
   5250.00000000000       3.783221277911061E-002
   5260.00000000000       3.812709331781351E-002
   5270.00000000000       3.824935485644611E-002
   5280.00000000000       3.837158799027472E-002
   5290.00000000000       3.884301278198218E-002
   5300.00000000000       3.896699798109102E-002
   5310.00000000000       3.909101344640536E-002
   5320.00000000000       3.939067369702766E-002
   5330.00000000000       3.951556278282181E-002
   5340.00000000000       3.964047891802201E-002
   5350.00000000000       4.011878117442792E-002
   5360.00000000000       4.024538739913284E-002
   5370.00000000000       4.037202171555669E-002
   5380.00000000000       4.049871228228334E-002
   5390.00000000000       4.080393309153397E-002
   5400.00000000000       4.093154390389813E-002
   5410.00000000000       4.105913664756340E-002
   5420.00000000000       4.154578596682311E-002
   5430.00000000000       4.167512686586061E-002
   5440.00000000000       4.180447079406250E-002
   5450.00000000000       4.193383709211857E-002
   5460.00000000000       4.224455492368020E-002
   5470.00000000000       4.237479458164702E-002
   5480.00000000000       4.250516232948063E-002
   5490.00000000000       4.300005466012163E-002
   5500.00000000000       4.313204567922931E-002
   5510.00000000000       4.326408138809824E-002
   5520.00000000000       4.339625204526584E-002
   5530.00000000000       4.371234118452763E-002
   5540.00000000000       4.384528393172074E-002
   5550.00000000000       4.397843851602132E-002
   5560.00000000000       4.448126721445473E-002
   5570.00000000000       4.461598446293522E-002
   5580.00000000000       4.475082501564753E-002
   5590.00000000000       4.488559721015020E-002
   5600.00000000000       4.520714353324703E-002
   5610.00000000000       4.534282967670195E-002
   5620.00000000000       4.547862342858202E-002
   5630.00000000000       4.561453209419561E-002
   5640.00000000000       4.612691531647048E-002
   5650.00000000000       4.626441265817721E-002
   5660.00000000000       4.640198186334221E-002
   5670.00000000000       4.653969513805753E-002
   5680.00000000000       4.686717027475058E-002
   5690.00000000000       4.700566740928205E-002
   5700.00000000000       4.714435224707846E-002
   5710.00000000000       4.728304992233440E-002
   5720.00000000000       4.780462585414064E-002
   5730.00000000000       4.794492283283228E-002
   5740.00000000000       4.808544359145320E-002
   5750.00000000000       4.841806451513946E-002
   5760.00000000000       4.855936907630930E-002
   5770.00000000000       4.870069108245278E-002
   5780.00000000000       4.884212319323736E-002
   5790.00000000000       4.937132655317720E-002
   5800.00000000000       4.951439855430666E-002
   5810.00000000000       4.965752527709258E-002
   5820.00000000000       4.980069821920399E-002
   5830.00000000000       4.994406513725683E-002
   5840.00000000000       5.028351034606473E-002
   5850.00000000000       5.042767516997367E-002
   5860.00000000000       5.057201464467504E-002
   5870.00000000000       5.071619780521509E-002
   5880.00000000000       5.125586789595585E-002
   5890.00000000000       5.140195892898352E-002
   5900.00000000000       5.154788891898991E-002
   5910.00000000000       5.169388428579400E-002
   5920.00000000000       5.203930999095851E-002
   5930.00000000000       5.218634742606759E-002
   5940.00000000000       5.233338248416760E-002
   5950.00000000000       5.248050477413246E-002
   5960.00000000000       5.302890006709864E-002
   5970.00000000000       5.317775651782076E-002
   5980.00000000000       5.332658948766137E-002
   5990.00000000000       5.347547585105855E-002
   6000.00000000000       5.382644561294162E-002
   6010.00000000000       5.397638005685254E-002
   6020.00000000000       5.412635767683777E-002
   6030.00000000000       5.427630762338532E-002
   6040.00000000000       5.442631336071579E-002
   6050.00000000000       5.498472675281349E-002
   6060.00000000000       5.513651872771669E-002
   6070.00000000000       5.528829804755089E-002
   6080.00000000000       5.544002783447994E-002
   6090.00000000000       5.579765741893005E-002
   6100.00000000000       5.595029986956035E-002
   6110.00000000000       5.610314284733265E-002
   6120.00000000000       5.625606578079197E-002
   6130.00000000000       5.640905024793419E-002
   6140.00000000000       5.697738125211252E-002
   6150.00000000000       5.713196572445003E-002
   6160.00000000000       5.728666665808443E-002
   6170.00000000000       5.744142629744278E-002
   6180.00000000000       5.759621204613413E-002
   6190.00000000000       5.796093918689368E-002
   6200.00000000000       5.811657338763193E-002
   6210.00000000000       5.827249777116682E-002
   6220.00000000000       5.842830562871779E-002
   6230.00000000000       5.900637866278780E-002
   6240.00000000000       5.916384264022468E-002
   6250.00000000000       5.932134600182992E-002
   6260.00000000000       5.947912007238279E-002
   6270.00000000000       5.963677686832138E-002
   6280.00000000000       6.000775787552088E-002
   6290.00000000000       6.016635792966932E-002
   6300.00000000000       6.032509287707313E-002
   6310.00000000000       6.048392461773244E-002
   6320.00000000000       6.064280677572954E-002
   6330.00000000000       6.123186346809120E-002
   6340.00000000000       6.139220480182717E-002
   6350.00000000000       6.155293501904499E-002
   6360.00000000000       6.171362449636956E-002
   6370.00000000000       6.187428654889265E-002
   6380.00000000000       6.225213496594310E-002
   6390.00000000000       6.241376530479405E-002
   6400.00000000000       6.257542700443074E-002
   6410.00000000000       6.273720625002362E-002
   6420.00000000000       6.289909093125066E-002
   6430.00000000000       6.349891046554886E-002
   6440.00000000000       6.366242357340023E-002
   6450.00000000000       6.382597876222450E-002
   6460.00000000000       6.398953734398601E-002
   6470.00000000000       6.415343555990013E-002
   6480.00000000000       6.453797828040074E-002
   6490.00000000000       6.470257457220115E-002
   6500.00000000000       6.486724045170701E-002
   6510.00000000000       6.503199162241378E-002
   6520.00000000000       6.519696411277744E-002
   6530.00000000000       6.536179932962659E-002
   6540.00000000000       6.597378370961941E-002
   6550.00000000000       6.614041448947218E-002
   6560.00000000000       6.630712337569715E-002
   6570.00000000000       6.647368800430391E-002
   6580.00000000000       6.664052168249208E-002
   6590.00000000000       6.703264858986391E-002
   6600.00000000000       6.720035988561347E-002
   6610.00000000000       6.736808477027510E-002
   6620.00000000000       6.753600017384007E-002
   6630.00000000000       6.770380297068003E-002
   6640.00000000000       6.832586673900397E-002
   6650.00000000000       6.849548601469371E-002
   6660.00000000000       6.866524987599551E-002
   6670.00000000000       6.883492151375806E-002
   6680.00000000000       6.900466677517085E-002
   6690.00000000000       6.917467113839808E-002
   6700.00000000000       6.957393697072163E-002
   6710.00000000000       6.974488363153296E-002
   6720.00000000000       6.991554948193054E-002
   6730.00000000000       7.008659106971815E-002
   6740.00000000000       7.025749783138546E-002
   6750.00000000000       7.042849827842773E-002
   6760.00000000000       7.106373353521091E-002
   6770.00000000000       7.123656610646660E-002
   6780.00000000000       7.140921931253570E-002
   6790.00000000000       7.158221232402806E-002
   6800.00000000000       7.175507696885981E-002
   6810.00000000000       7.192813323848549E-002
   6820.00000000000       7.233560759561301E-002
   6830.00000000000       7.250951997681418E-002
   6840.00000000000       7.268361818259553E-002
   6850.00000000000       7.285762698770105E-002
   6860.00000000000       7.303184488142060E-002
   6870.00000000000       7.367787930156837E-002
   6880.00000000000       7.385371492488660E-002
   6890.00000000000       7.402954545123232E-002
   6900.00000000000       7.420557683047345E-002
   6910.00000000000       7.438158381999854E-002
   6920.00000000000       7.455778520690656E-002
   6930.00000000000       7.473392706019229E-002
   6940.00000000000       7.514919026027468E-002
   6950.00000000000       7.532629368431713E-002
   6960.00000000000       7.550340664859395E-002
   6970.00000000000       7.568060086986393E-002
   6980.00000000000       7.585803077715873E-002
   6990.00000000000       7.603528568679821E-002
   7000.00000000000       7.669550742435746E-002
   7010.00000000000       7.687452688783705E-002
   7020.00000000000       7.705369393600203E-002
   7030.00000000000       7.723295283291852E-002
   7040.00000000000       7.741214961246110E-002
   7050.00000000000       7.759140431530363E-002
   7060.00000000000       7.801429273975484E-002
   7070.00000000000       7.819481381398989E-002
   7080.00000000000       7.837500699650331E-002
   7090.00000000000       7.855539328937175E-002
   7100.00000000000       7.873574596443501E-002
   7110.00000000000       7.891647029348323E-002
   7120.00000000000       7.958828858385959E-002
   7130.00000000000       7.977070407248682E-002
   7140.00000000000       7.995297894862718E-002
   7150.00000000000       8.013543444588893E-002
   7160.00000000000       8.031766267292884E-002
   7170.00000000000       8.050000919861237E-002
   7180.00000000000       8.068268743093847E-002
   7190.00000000000       8.111400989275788E-002
   7200.00000000000       8.129748680213501E-002
   7210.00000000000       8.148088761864282E-002
   7220.00000000000       8.166440594788080E-002
   7230.00000000000       8.184800252995081E-002
   7240.00000000000       8.203195469944501E-002
   7250.00000000000       8.221574262716075E-002
   7260.00000000000       8.290278798664723E-002
   7270.00000000000       8.308813863559390E-002
   7280.00000000000       8.327369833348160E-002
   7290.00000000000       8.345936509010245E-002
   7300.00000000000       8.364508276013032E-002
   7310.00000000000       8.383078277357342E-002
   7320.00000000000       8.427001207826269E-002
   7330.00000000000       8.445695711499501E-002
   7340.00000000000       8.464365377315825E-002
   7350.00000000000       8.483050790038794E-002
   7360.00000000000       8.501724736644621E-002
   7370.00000000000       8.520427028951703E-002
   7380.00000000000       8.539137932237666E-002
   7390.00000000000       8.609099929720350E-002
   7400.00000000000       8.627954565378089E-002
   7410.00000000000       8.646850093022983E-002
   7420.00000000000       8.665729386413085E-002
   7430.00000000000       8.684604682943932E-002
   7440.00000000000       8.703507885919275E-002
   7450.00000000000       8.722426981771440E-002
   7460.00000000000       8.741330148857816E-002
   7470.00000000000       8.786244381868723E-002
   7480.00000000000       8.805227992612218E-002
   7490.00000000000       8.824224660233911E-002
   7500.00000000000       8.843241871192875E-002
   7510.00000000000       8.862280881590251E-002
   7520.00000000000       8.881317961267692E-002
   7530.00000000000       8.900358199984369E-002
   7540.00000000000       8.971855951273061E-002
   7550.00000000000       8.991090836898109E-002
   7560.00000000000       9.010275560569940E-002
   7570.00000000000       9.029496106996486E-002
   7580.00000000000       9.048730298214426E-002
   7590.00000000000       9.067963815093172E-002
   7600.00000000000       9.087208246003804E-002
   7610.00000000000       9.132957500928912E-002
   7620.00000000000       9.152280689357577E-002
   7630.00000000000       9.171616977266650E-002
   7640.00000000000       9.190957404229694E-002
   7650.00000000000       9.210321352067907E-002
   7660.00000000000       9.229671679886836E-002
   7670.00000000000       9.249049707492103E-002
   7680.00000000000       9.268415606863246E-002
   7690.00000000000       9.341444289139313E-002
   7700.00000000000       9.360986542883816E-002
   7710.00000000000       9.380541371499108E-002
   7720.00000000000       9.400062260478449E-002
   7730.00000000000       9.419658576093413E-002
   7740.00000000000       9.439201855249152E-002
   7750.00000000000       9.458803940798534E-002
   7760.00000000000       9.478386890958967E-002
   7770.00000000000       9.525093463981950E-002
   7780.00000000000       9.544791306570417E-002
   7790.00000000000       9.564442229288415E-002
   7800.00000000000       9.584127247336276E-002
   7810.00000000000       9.603847325972832E-002
   7820.00000000000       9.623528628178947E-002
   7830.00000000000       9.643221304204987E-002
   7840.00000000000       9.662952985503709E-002
   7850.00000000000       9.737594781271902E-002
   7860.00000000000       9.757485365080416E-002
   7870.00000000000       9.777358990091256E-002
   7880.00000000000       9.797244322001815E-002
   7890.00000000000       9.817165652612363E-002
   7900.00000000000       9.837067573217799E-002
   7910.00000000000       9.856994227782727E-002
   7920.00000000000       9.876889934275519E-002
   7930.00000000000       9.924610344775329E-002
   7940.00000000000       9.944632535605559E-002
   7950.00000000000       9.964633062990903E-002
   7960.00000000000       9.984659360455128E-002
   7970.00000000000       0.100047021906307     
   7980.00000000000       0.100247170380004     
   7990.00000000000       0.100447693698253     
   8000.00000000000       0.100648406022900     
   8010.00000000000       0.101410372418026     
   8020.00000000000       0.101612421788664     
   8030.00000000000       0.101814646138452     
   8040.00000000000       0.102017121268251     
   8050.00000000000       0.102219839698110     
   8060.00000000000       0.102422194968056     
   8070.00000000000       0.102624654258859     
   8080.00000000000       0.102827323806197     
   8090.00000000000       0.103029795372869     
   8100.00000000000       0.103517260148098     
   8110.00000000000       0.103720531489158     
   8120.00000000000       0.103924362702831     
   8130.00000000000       0.104128002661575     
   8140.00000000000       0.104332320949453     
   8150.00000000000       0.104535710466000     
   8160.00000000000       0.104739895232112     
   8170.00000000000       0.104944023088409     
   8180.00000000000       0.105722539147354     
   8190.00000000000       0.105927739345158     
   8200.00000000000       0.106133992792723     
   8210.00000000000       0.106339707164914     
   8220.00000000000       0.106545471560443     
   8230.00000000000       0.106751194934426     
   8240.00000000000       0.106957305475194     
   8250.00000000000       0.107163623619396     
   8260.00000000000       0.107369998031969     
   8270.00000000000       0.107866669200635     
   8280.00000000000       0.108073830973757     
   8290.00000000000       0.108280735687844     
   8300.00000000000       0.108488003877062     
   8310.00000000000       0.108695520339109     
   8320.00000000000       0.108902747993679     
   8330.00000000000       0.109110195920434     
   8340.00000000000       0.109317239485572     
   8350.00000000000       0.109525140099854     
   8360.00000000000       0.109732578887397     
   8370.00000000000       0.110530027182237     
   8380.00000000000       0.110739560054779     
   8390.00000000000       0.110948906360832     
   8400.00000000000       0.111158165323741     
   8410.00000000000       0.111367569652263     
   8420.00000000000       0.111577299584796     
   8430.00000000000       0.111786681785210     
   8440.00000000000       0.111996782593083     
   8450.00000000000       0.112206398085034     
   8460.00000000000       0.112714709798620     
   8470.00000000000       0.112925140721424     
   8480.00000000000       0.113136254773590     
   8490.00000000000       0.113346701011759     
   8500.00000000000       0.113557469183045     
   8510.00000000000       0.113768062538609     
   8520.00000000000       0.113979630231533     
   8530.00000000000       0.114190540973464     
   8540.00000000000       0.114401528686814     
   8550.00000000000       0.114612841191789     
   8560.00000000000       0.115428956960725     
   8570.00000000000       0.115641783614962     
   8580.00000000000       0.115854756258873     
   8590.00000000000       0.116067331327506     
   8600.00000000000       0.116280626794194     
   8610.00000000000       0.116493764062535     
   8620.00000000000       0.116706772954408     
   8630.00000000000       0.116920030340459     
   8640.00000000000       0.117133477105401     
   8650.00000000000       0.117346556782156     
   8660.00000000000       0.117866605770866     
   8670.00000000000       0.118080930604175     
   8680.00000000000       0.118295593971713     
   8690.00000000000       0.118509709354535     
   8700.00000000000       0.118724408878370     
   8710.00000000000       0.118938829702340     
   8720.00000000000       0.119153440903663     
   8730.00000000000       0.119367825183331     
   8740.00000000000       0.119582887975229     
   8750.00000000000       0.119797901238654     
   8760.00000000000       0.120632695269566     
   8770.00000000000       0.120849552670725     
   8780.00000000000       0.121065676780393     
   8790.00000000000       0.121282509931125     
   8800.00000000000       0.121499326047175     
   8810.00000000000       0.121715802407537     
   8820.00000000000       0.121933084952456     
   8830.00000000000       0.122149550934651     
   8840.00000000000       0.122366531022138     
   8850.00000000000       0.122583790866208     
   8860.00000000000       0.123114745088016     
   8870.00000000000       0.123332481934150     
   8880.00000000000       0.123550626597140     
   8890.00000000000       0.123768341202114     
   8900.00000000000       0.123987033579303     
   8910.00000000000       0.124205063948928     
   8920.00000000000       0.124423074091856     
   8930.00000000000       0.124641436098914     
   8940.00000000000       0.124859849683799     
   8950.00000000000       0.125078143383796     
   8960.00000000000       0.125296675835491     
   8970.00000000000       0.126151893075556     
   8980.00000000000       0.126371852050824     
   8990.00000000000       0.126592064246225     
   9000.00000000000       0.126813154136193     
   9010.00000000000       0.127032908120328     
   9020.00000000000       0.127253413691676     
   9030.00000000000       0.127473551811333     
   9040.00000000000       0.127694041681050     
   9050.00000000000       0.127915214425474     
   9060.00000000000       0.128135942181790     
   9070.00000000000       0.128356398315575     
   9080.00000000000       0.128899952920646     
   9090.00000000000       0.129121514681960     
   9100.00000000000       0.129343397948094     
   9110.00000000000       0.129565538972916     
   9120.00000000000       0.129786820482871     
   9130.00000000000       0.130009023491625     
   9140.00000000000       0.130230857563187     
   9150.00000000000       0.130453171700345     
   9160.00000000000       0.130675052735598     
   9170.00000000000       0.130897606932899     
   9180.00000000000       0.131119257811677     
   9190.00000000000       0.131995241537957     
   9200.00000000000       0.132219710898827     
   9210.00000000000       0.132443240665749     
   9220.00000000000       0.132667285023591     
   9230.00000000000       0.132891452547290     
   9240.00000000000       0.133115593018863     
   9250.00000000000       0.133339632553068     
   9260.00000000000       0.133564131465898     
   9270.00000000000       0.133788834734720     
   9280.00000000000       0.134013034850004     
   9290.00000000000       0.134237566439063     
   9300.00000000000       0.134462033230996     
   9310.00000000000       0.135017736271622     
   9320.00000000000       0.135243745557170     
   9330.00000000000       0.135469477759507     
   9340.00000000000       0.135695189101567     
   9350.00000000000       0.135919689368119     
   9360.00000000000       0.136145582475228     
   9370.00000000000       0.136371883206539     
   9380.00000000000       0.136597223361249     
   9390.00000000000       0.136823194459726     
   9400.00000000000       0.137049185954165     
   9410.00000000000       0.137274800835586     
   9420.00000000000       0.137501241000303     
   9430.00000000000       0.138400049888665     
   9440.00000000000       0.138628729431548     
   9450.00000000000       0.138855678281850     
   9460.00000000000       0.139083539080841     
   9470.00000000000       0.139311329785506     
   9480.00000000000       0.139539351834998     
   9490.00000000000       0.139767919287160     
   9500.00000000000       0.139996147042303     
   9510.00000000000       0.140223553177124     
   9520.00000000000       0.140452267927274     
   9530.00000000000       0.140680771693426     
   9540.00000000000       0.140909173829312     
   9550.00000000000       0.141478279072339     
   9560.00000000000       0.141707677013089     
   9570.00000000000       0.141936436060877     
   9580.00000000000       0.142166366374905     
   9590.00000000000       0.142395717309001     
   9600.00000000000       0.142625013114591     
   9610.00000000000       0.142854304817095     
   9620.00000000000       0.143084102273501     
   9630.00000000000       0.143313997819309     
   9640.00000000000       0.143543735054129     
   9650.00000000000       0.143773947090659     
   9660.00000000000       0.144003465644960     
   9670.00000000000       0.144233219457435     
   9680.00000000000       0.145155607370711     
   9690.00000000000       0.145387576890519     
   9700.00000000000       0.145619404890318     
   9710.00000000000       0.145851495418389     
   9720.00000000000       0.146083111462389     
   9730.00000000000       0.146314374334498     
   9740.00000000000       0.146546569278189     
   9750.00000000000       0.146778658902925     
   9760.00000000000       0.147010836982440     
   9770.00000000000       0.147242869322872     
   9780.00000000000       0.147475179601815     
   9790.00000000000       0.147706711645764     
   9800.00000000000       0.147939716907059     
   9810.00000000000       0.148523247726995     
   9820.00000000000       0.148756951693442     
   9830.00000000000       0.148989222751192     
   9840.00000000000       0.149222357201019     
   9850.00000000000       0.149456088731268     
   9860.00000000000       0.149689387833144     
   9870.00000000000       0.149922893521202     
   9880.00000000000       0.150156329946591     
   9890.00000000000       0.150390347229741     
   9900.00000000000       0.150624304125345     
   9910.00000000000       0.150857676645496     
   9920.00000000000       0.151091760844026     
   9930.00000000000       0.151324674985810     
   9940.00000000000       0.152270870004634     
   9950.00000000000       0.152507169406746     
   9960.00000000000       0.152743172298672     
   9970.00000000000       0.152977971026235     
   9980.00000000000       0.153214133250892     
   9990.00000000000       0.153449999998199     
   10000.0000000000       0.153685760874536     
