  0.000000000000000E+000  0.000000000000000E+000
   10.0000000000000       0.000000000000000E+000
   20.0000000000000       0.000000000000000E+000
   30.0000000000000       0.000000000000000E+000
   40.0000000000000       0.000000000000000E+000
   50.0000000000000       0.000000000000000E+000
   60.0000000000000       0.000000000000000E+000
   70.0000000000000       0.000000000000000E+000
   80.0000000000000       0.000000000000000E+000
   90.0000000000000       0.000000000000000E+000
   100.000000000000       0.000000000000000E+000
   110.000000000000       0.000000000000000E+000
   120.000000000000       0.000000000000000E+000
   130.000000000000       0.000000000000000E+000
   140.000000000000       0.000000000000000E+000
   150.000000000000       0.000000000000000E+000
   160.000000000000       0.000000000000000E+000
   170.000000000000       0.000000000000000E+000
   180.000000000000       0.000000000000000E+000
   190.000000000000       0.000000000000000E+000
   200.000000000000       0.000000000000000E+000
   210.000000000000       0.000000000000000E+000
   220.000000000000       0.000000000000000E+000
   230.000000000000       0.000000000000000E+000
   240.000000000000       0.000000000000000E+000
   250.000000000000       0.000000000000000E+000
   260.000000000000       0.000000000000000E+000
   270.000000000000       0.000000000000000E+000
   280.000000000000       0.000000000000000E+000
   290.000000000000       0.000000000000000E+000
   300.000000000000       0.000000000000000E+000
   310.000000000000       0.000000000000000E+000
   320.000000000000       0.000000000000000E+000
   330.000000000000       0.000000000000000E+000
   340.000000000000       0.000000000000000E+000
   350.000000000000       0.000000000000000E+000
   360.000000000000       0.000000000000000E+000
   370.000000000000       0.000000000000000E+000
   380.000000000000       0.000000000000000E+000
   390.000000000000       0.000000000000000E+000
   400.000000000000       0.000000000000000E+000
   410.000000000000       0.000000000000000E+000
   420.000000000000       0.000000000000000E+000
   430.000000000000       0.000000000000000E+000
   440.000000000000       0.000000000000000E+000
   450.000000000000       0.000000000000000E+000
   460.000000000000       0.000000000000000E+000
   470.000000000000       0.000000000000000E+000
   480.000000000000       0.000000000000000E+000
   490.000000000000       0.000000000000000E+000
   500.000000000000       0.000000000000000E+000
   510.000000000000       0.000000000000000E+000
   520.000000000000       0.000000000000000E+000
   530.000000000000       0.000000000000000E+000
   540.000000000000       0.000000000000000E+000
   550.000000000000       0.000000000000000E+000
   560.000000000000       0.000000000000000E+000
   570.000000000000       0.000000000000000E+000
   580.000000000000       0.000000000000000E+000
   590.000000000000       0.000000000000000E+000
   600.000000000000       0.000000000000000E+000
   610.000000000000       0.000000000000000E+000
   620.000000000000       0.000000000000000E+000
   630.000000000000       0.000000000000000E+000
   640.000000000000       0.000000000000000E+000
   650.000000000000       0.000000000000000E+000
   660.000000000000       0.000000000000000E+000
   670.000000000000       0.000000000000000E+000
   680.000000000000       0.000000000000000E+000
   690.000000000000       0.000000000000000E+000
   700.000000000000       0.000000000000000E+000
   710.000000000000       0.000000000000000E+000
   720.000000000000       0.000000000000000E+000
   730.000000000000       0.000000000000000E+000
   740.000000000000       0.000000000000000E+000
   750.000000000000       0.000000000000000E+000
   760.000000000000       0.000000000000000E+000
   770.000000000000       0.000000000000000E+000
   780.000000000000       0.000000000000000E+000
   790.000000000000       0.000000000000000E+000
   800.000000000000       0.000000000000000E+000
   810.000000000000       0.000000000000000E+000
   820.000000000000       0.000000000000000E+000
   830.000000000000       0.000000000000000E+000
   840.000000000000       1.865617860598247E-007
   850.000000000000       7.915803215204215E-007
   860.000000000000       1.839756843609266E-006
   870.000000000000       3.351756150943672E-006
   880.000000000000       5.349099288591675E-006
   890.000000000000       7.849486585015504E-006
   900.000000000000       1.087046111530991E-005
   910.000000000000       1.442784638157741E-005
   920.000000000000       1.853620984213342E-005
   930.000000000000       2.320886469206724E-005
   940.000000000000       2.845801329204897E-005
   950.000000000000       3.429474656378334E-005
   960.000000000000       4.072920535759471E-005
   970.000000000000       4.777051140701390E-005
   980.000000000000       5.542694142951957E-005
   990.000000000000       6.370588595811468E-005
   1000.00000000000       7.261401900782496E-005
   1010.00000000000       8.215719633874124E-005
   1020.00000000000       9.234058750546676E-005
   1030.00000000000       1.031687653145941E-004
   1040.00000000000       1.146456335032667E-004
   1050.00000000000       1.267744873579503E-004
   1060.00000000000       1.395581279615647E-004
   1070.00000000000       1.529988372928526E-004
   1080.00000000000       1.670983986934435E-004
   1090.00000000000       1.818582292978245E-004
   1100.00000000000       1.972791488044789E-004
   1110.00000000000       2.133616324125284E-004
   1120.00000000000       2.301059432765947E-004
   1130.00000000000       2.475118633795019E-004
   1140.00000000000       2.655787389127096E-004
   1150.00000000000       2.843058988142253E-004
   1160.00000000000       3.036921024921904E-004
   1170.00000000000       3.237359046404865E-004
   1180.00000000000       3.444358506412760E-004
   1190.00000000000       3.657897782308645E-004
   1200.00000000000       3.877957708767037E-004
   1210.00000000000       4.104515330241609E-004
   1220.00000000000       4.337543732787778E-004
   1230.00000000000       4.577017339807547E-004
   1240.00000000000       4.822906818278589E-004
   1250.00000000000       5.075184611329428E-004
   1260.00000000000       5.333814976931351E-004
   1270.00000000000       5.598768181591771E-004
   1280.00000000000       5.870009119839833E-004
   1290.00000000000       6.147502934943298E-004
   1300.00000000000       6.431214327152110E-004
   1310.00000000000       6.721103241798377E-004
   1320.00000000000       7.017133908066198E-004
   1330.00000000000       7.319266915364443E-004
   1340.00000000000       7.627459445773505E-004
   1350.00000000000       7.941675448983437E-004
   1360.00000000000       8.261870453061855E-004
   1370.00000000000       8.588008745375417E-004
   1380.00000000000       8.920042480696730E-004
   1390.00000000000       9.257929823860896E-004
   1400.00000000000       9.601626402895106E-004
   1410.00000000000       9.951092570312126E-004
   1420.00000000000       1.030628491360917E-003
   1430.00000000000       1.066715444187979E-003
   1440.00000000000       1.103366531528270E-003
   1450.00000000000       1.140576245331489E-003
   1460.00000000000       1.178341078931107E-003
   1470.00000000000       1.216655761780864E-003
   1480.00000000000       1.255516474482291E-003
   1490.00000000000       1.294918714079190E-003
   1500.00000000000       1.334857558669808E-003
   1510.00000000000       1.375328584080646E-003
   1520.00000000000       1.416327598881247E-003
   1530.00000000000       1.457849941254321E-003
   1540.00000000000       1.499891167448668E-003
   1550.00000000000       1.542446532445000E-003
   1560.00000000000       1.585512212671121E-003
   1570.00000000000       1.629083127219848E-003
   1580.00000000000       1.673155124484149E-003
   1590.00000000000       1.717723639927462E-003
   1600.00000000000       1.762783970891327E-003
   1610.00000000000       1.808332397813139E-003
   1620.00000000000       1.854364380336222E-003
   1630.00000000000       1.900876040780775E-003
   1640.00000000000       1.947861282035657E-003
   1650.00000000000       1.995318026029126E-003
   1660.00000000000       2.043239830236822E-003
   1670.00000000000       2.091623308851668E-003
   1680.00000000000       2.140465492012408E-003
   1690.00000000000       2.189760147399930E-003
   1700.00000000000       2.239503939915653E-003
   1710.00000000000       2.289693394326349E-003
   1720.00000000000       2.340323416403933E-003
   1730.00000000000       2.391389941397930E-003
   1740.00000000000       2.442889106649096E-003
   1750.00000000000       2.494816727416641E-003
   1760.00000000000       2.547168899487324E-003
   1770.00000000000       2.599942195895721E-003
   1780.00000000000       2.653130861853152E-003
   1790.00000000000       2.706733339341153E-003
   1800.00000000000       2.760744279012331E-003
   1810.00000000000       2.815160254598792E-003
   1820.00000000000       2.869977284609311E-003
   1830.00000000000       2.925191306359711E-003
   1840.00000000000       2.980798282785050E-003
   1850.00000000000       3.036795719946772E-003
   1860.00000000000       3.093177743671892E-003
   1870.00000000000       3.149943274133328E-003
   1880.00000000000       3.207086337533836E-003
   1890.00000000000       3.264604527214976E-003
   1900.00000000000       3.322494240405340E-003
   1910.00000000000       3.380751041055015E-003
   1920.00000000000       3.439373714689291E-003
   1930.00000000000       3.498355472752748E-003
   1940.00000000000       3.557695082216967E-003
   1950.00000000000       3.617388140648417E-003
   1960.00000000000       3.677431158402711E-003
   1970.00000000000       3.737822630799908E-003
   1980.00000000000       3.798555549056123E-003
   1990.00000000000       3.859630823449657E-003
   2000.00000000000       3.921041631396851E-003
