  0.000000000000000E+000  0.000000000000000E+000
   10.0000000000000       0.000000000000000E+000
   20.0000000000000       0.000000000000000E+000
   30.0000000000000       0.000000000000000E+000
   40.0000000000000       0.000000000000000E+000
   50.0000000000000       0.000000000000000E+000
   60.0000000000000       0.000000000000000E+000
   70.0000000000000       0.000000000000000E+000
   80.0000000000000       0.000000000000000E+000
   90.0000000000000       0.000000000000000E+000
   100.000000000000       0.000000000000000E+000
   110.000000000000       0.000000000000000E+000
   120.000000000000       0.000000000000000E+000
   130.000000000000       0.000000000000000E+000
   140.000000000000       0.000000000000000E+000
   150.000000000000       0.000000000000000E+000
   160.000000000000       0.000000000000000E+000
   170.000000000000       0.000000000000000E+000
   180.000000000000       0.000000000000000E+000
   190.000000000000       0.000000000000000E+000
   200.000000000000       0.000000000000000E+000
   210.000000000000       0.000000000000000E+000
   220.000000000000       0.000000000000000E+000
   230.000000000000       0.000000000000000E+000
   240.000000000000       0.000000000000000E+000
   250.000000000000       0.000000000000000E+000
   260.000000000000       0.000000000000000E+000
   270.000000000000       0.000000000000000E+000
   280.000000000000       0.000000000000000E+000
   290.000000000000       0.000000000000000E+000
   300.000000000000       0.000000000000000E+000
   310.000000000000       0.000000000000000E+000
   320.000000000000       0.000000000000000E+000
   330.000000000000       0.000000000000000E+000
   340.000000000000       0.000000000000000E+000
   350.000000000000       0.000000000000000E+000
   360.000000000000       0.000000000000000E+000
   370.000000000000       0.000000000000000E+000
   380.000000000000       0.000000000000000E+000
   390.000000000000       0.000000000000000E+000
   400.000000000000       0.000000000000000E+000
   410.000000000000       0.000000000000000E+000
   420.000000000000       0.000000000000000E+000
   430.000000000000       0.000000000000000E+000
   440.000000000000       0.000000000000000E+000
   450.000000000000       0.000000000000000E+000
   460.000000000000       0.000000000000000E+000
   470.000000000000       0.000000000000000E+000
   480.000000000000       0.000000000000000E+000
   490.000000000000       0.000000000000000E+000
   500.000000000000       0.000000000000000E+000
   510.000000000000       0.000000000000000E+000
   520.000000000000       0.000000000000000E+000
   530.000000000000       0.000000000000000E+000
   540.000000000000       0.000000000000000E+000
   550.000000000000       0.000000000000000E+000
   560.000000000000       0.000000000000000E+000
   570.000000000000       0.000000000000000E+000
   580.000000000000       0.000000000000000E+000
   590.000000000000       0.000000000000000E+000
   600.000000000000       0.000000000000000E+000
   610.000000000000       0.000000000000000E+000
   620.000000000000       0.000000000000000E+000
   630.000000000000       0.000000000000000E+000
   640.000000000000       0.000000000000000E+000
   650.000000000000       0.000000000000000E+000
   660.000000000000       0.000000000000000E+000
   670.000000000000       0.000000000000000E+000
   680.000000000000       0.000000000000000E+000
   690.000000000000       0.000000000000000E+000
   700.000000000000       0.000000000000000E+000
   710.000000000000       0.000000000000000E+000
   720.000000000000       0.000000000000000E+000
   730.000000000000       0.000000000000000E+000
   740.000000000000       0.000000000000000E+000
   750.000000000000       0.000000000000000E+000
   760.000000000000       0.000000000000000E+000
   770.000000000000       0.000000000000000E+000
   780.000000000000       0.000000000000000E+000
   790.000000000000       0.000000000000000E+000
   800.000000000000       0.000000000000000E+000
   810.000000000000       0.000000000000000E+000
   820.000000000000       0.000000000000000E+000
   830.000000000000       0.000000000000000E+000
   840.000000000000       1.865617860598247E-007
   850.000000000000       7.915803215204215E-007
   860.000000000000       1.839756843609266E-006
   870.000000000000       3.351756150943672E-006
   880.000000000000       5.349099288591675E-006
   890.000000000000       7.849486585015504E-006
   900.000000000000       1.087046111530991E-005
   910.000000000000       1.442784638157741E-005
   920.000000000000       1.853620984213342E-005
   930.000000000000       2.320886469206724E-005
   940.000000000000       2.845801329204897E-005
   950.000000000000       3.429474656378334E-005
   960.000000000000       4.072920535759471E-005
   970.000000000000       4.777051140701390E-005
   980.000000000000       5.542694142951957E-005
   990.000000000000       6.370588595811468E-005
   1000.00000000000       7.261401900782496E-005
   1010.00000000000       8.215719633874124E-005
   1020.00000000000       9.234058750546676E-005
   1030.00000000000       1.031687653145941E-004
   1040.00000000000       1.146456335032667E-004
   1050.00000000000       1.267744873579503E-004
   1060.00000000000       1.395581279615647E-004
   1070.00000000000       1.529988372928526E-004
   1080.00000000000       1.670983986934435E-004
   1090.00000000000       1.818582292978245E-004
   1100.00000000000       1.972791488044789E-004
   1110.00000000000       2.133616324125284E-004
   1120.00000000000       2.301059432765947E-004
   1130.00000000000       2.475118633795019E-004
   1140.00000000000       2.655787389127096E-004
   1150.00000000000       2.843058988142253E-004
   1160.00000000000       3.036921024921904E-004
   1170.00000000000       3.237359046404865E-004
   1180.00000000000       3.444358506412760E-004
   1190.00000000000       3.657897782308645E-004
   1200.00000000000       3.877957708767037E-004
   1210.00000000000       4.104515330241609E-004
   1220.00000000000       4.337543732787778E-004
   1230.00000000000       4.577017339807547E-004
   1240.00000000000       4.822906818278589E-004
   1250.00000000000       5.075184611329428E-004
   1260.00000000000       5.333814976931351E-004
   1270.00000000000       5.598768181591771E-004
   1280.00000000000       5.870009119839833E-004
   1290.00000000000       6.147502934943298E-004
   1300.00000000000       6.431214327152110E-004
   1310.00000000000       6.721103241798377E-004
   1320.00000000000       7.017133908066198E-004
   1330.00000000000       7.319266915364443E-004
   1340.00000000000       7.627459445773505E-004
   1350.00000000000       7.941675448983437E-004
   1360.00000000000       8.261870453061855E-004
   1370.00000000000       8.588008745375417E-004
   1380.00000000000       8.920042480696730E-004
   1390.00000000000       9.257929823860896E-004
   1400.00000000000       9.601626402895106E-004
   1410.00000000000       9.951092570312126E-004
   1420.00000000000       1.030628491360917E-003
   1430.00000000000       1.066715444187979E-003
   1440.00000000000       1.103366531528270E-003
   1450.00000000000       1.140576245331489E-003
   1460.00000000000       1.178341078931107E-003
   1470.00000000000       1.216655761780864E-003
   1480.00000000000       1.255516474482291E-003
   1490.00000000000       1.294918714079190E-003
   1500.00000000000       1.334857558669808E-003
   1510.00000000000       1.375328584080646E-003
   1520.00000000000       1.416327598881247E-003
   1530.00000000000       1.457849941254321E-003
   1540.00000000000       1.499891167448668E-003
   1550.00000000000       1.542446532445000E-003
   1560.00000000000       1.585512212671121E-003
   1570.00000000000       1.629083127219848E-003
   1580.00000000000       1.673155124484149E-003
   1590.00000000000       1.717723639927462E-003
   1600.00000000000       1.762783970891327E-003
   1610.00000000000       1.808332397813139E-003
   1620.00000000000       1.854364380336222E-003
   1630.00000000000       1.900876040780775E-003
   1640.00000000000       1.947861282035657E-003
   1650.00000000000       1.995318026029126E-003
   1660.00000000000       2.043239830236822E-003
   1670.00000000000       2.091623308851668E-003
   1680.00000000000       2.140465492012408E-003
   1690.00000000000       2.189760147399930E-003
   1700.00000000000       2.239503939915653E-003
   1710.00000000000       2.289693394326349E-003
   1720.00000000000       2.340323416403933E-003
   1730.00000000000       2.391389941397930E-003
   1740.00000000000       2.442889106649096E-003
   1750.00000000000       2.494816727416641E-003
   1760.00000000000       2.547168899487324E-003
   1770.00000000000       2.599942195895721E-003
   1780.00000000000       2.653130861853152E-003
   1790.00000000000       2.706733339341153E-003
   1800.00000000000       2.760744279012331E-003
   1810.00000000000       2.815160254598792E-003
   1820.00000000000       2.869977284609311E-003
   1830.00000000000       2.925191306359711E-003
   1840.00000000000       2.980798282785050E-003
   1850.00000000000       3.036795719946772E-003
   1860.00000000000       3.093177743671892E-003
   1870.00000000000       3.149943274133328E-003
   1880.00000000000       3.207086337533836E-003
   1890.00000000000       3.264604527214976E-003
   1900.00000000000       3.322494240405340E-003
   1910.00000000000       3.380751041055015E-003
   1920.00000000000       3.439373714689291E-003
   1930.00000000000       3.498355472752748E-003
   1940.00000000000       3.557695082216967E-003
   1950.00000000000       3.617388140648417E-003
   1960.00000000000       3.677431158402711E-003
   1970.00000000000       3.737822630799908E-003
   1980.00000000000       3.798555549056123E-003
   1990.00000000000       3.859630823449657E-003
   2000.00000000000       3.921041631396851E-003
   2010.00000000000       3.982786968996733E-003
   2020.00000000000       4.044861654459888E-003
   2030.00000000000       4.107265190790281E-003
   2040.00000000000       4.169991999951000E-003
   2050.00000000000       4.233040630219917E-003
   2060.00000000000       4.296407687718089E-003
   2070.00000000000       4.360086902516171E-003
   2080.00000000000       4.424080987644679E-003
   2090.00000000000       4.488381208359401E-003
   2100.00000000000       4.552989811511689E-003
   2110.00000000000       4.617897568410012E-003
   2120.00000000000       4.683107630622968E-003
   2130.00000000000       4.748614478444546E-003
   2140.00000000000       4.814414218272780E-003
   2150.00000000000       4.880508043395322E-003
   2160.00000000000       4.946886470418599E-003
   2170.00000000000       5.013551889467171E-003
   2180.00000000000       5.080502406642907E-003
   2190.00000000000       5.147730231502086E-003
   2200.00000000000       5.215237457111823E-003
   2210.00000000000       5.283017260523097E-003
   2220.00000000000       5.351071420099121E-003
   2230.00000000000       5.419394871847231E-003
   2240.00000000000       5.487985353361546E-003
   2250.00000000000       5.556837950649988E-003
   2260.00000000000       5.625952499087258E-003
   2270.00000000000       5.695328742707933E-003
   2280.00000000000       5.764959294679998E-003
   2290.00000000000       5.834844620522577E-003
   2300.00000000000       5.904982898286827E-003
   2310.00000000000       5.975367685411763E-003
   2320.00000000000       6.045999313951489E-003
   2330.00000000000       6.116882814700561E-003
   2340.00000000000       6.187998975185546E-003
   2350.00000000000       6.259361565774463E-003
   2360.00000000000       6.330959104082515E-003
   2370.00000000000       6.402791668884910E-003
   2380.00000000000       6.474856285392492E-003
   2390.00000000000       6.547153327813287E-003
   2400.00000000000       6.619677648324353E-003
   2410.00000000000       6.692430698233436E-003
   2420.00000000000       6.765405767042890E-003
   2430.00000000000       6.838605326474684E-003
   2440.00000000000       6.912021765018630E-003
   2450.00000000000       6.985658803279602E-003
   2460.00000000000       7.059510216131454E-003
   2470.00000000000       7.133574860319124E-003
   2480.00000000000       7.207850993001975E-003
   2490.00000000000       7.282338174778493E-003
   2500.00000000000       7.357030444272750E-003
   2510.00000000000       7.431929534283603E-003
   2520.00000000000       7.507031921346494E-003
   2530.00000000000       7.582335809647431E-003
   2540.00000000000       7.657844128332414E-003
   2550.00000000000       7.733548369070416E-003
   2560.00000000000       7.809447038169072E-003
   2570.00000000000       7.885539321052860E-003
   2580.00000000000       7.961822850538638E-003
   2590.00000000000       8.038300971140482E-003
   2600.00000000000       8.114965545154026E-003
   2610.00000000000       8.191815449455127E-003
   2620.00000000000       8.268851326349138E-003
   2630.00000000000       8.346072647540647E-003
   2640.00000000000       8.423471134736965E-003
   2650.00000000000       8.501057480350108E-003
   2660.00000000000       8.578817653827673E-003
   2670.00000000000       8.656750939540041E-003
   2680.00000000000       8.734862250529869E-003
   2690.00000000000       8.813143036705480E-003
   2700.00000000000       8.891602018948159E-003
   2710.00000000000       8.970222702293546E-003
   2720.00000000000       9.049022554419929E-003
   2730.00000000000       9.127984115186673E-003
   2740.00000000000       9.207108349049137E-003
   2750.00000000000       9.286399453864174E-003
   2760.00000000000       9.365848247833533E-003
   2770.00000000000       9.445460132151967E-003
   2780.00000000000       9.525233021224806E-003
   2790.00000000000       9.605159205098947E-003
   2800.00000000000       9.685246784983762E-003
   2810.00000000000       9.765485773345016E-003
   2820.00000000000       9.845881366903399E-003
   2830.00000000000       9.926422085123010E-003
   2840.00000000000       1.000711713584581E-002
   2850.00000000000       1.008796273056405E-002
   2860.00000000000       1.016895352195444E-002
   2870.00000000000       1.025009063006349E-002
   2880.00000000000       1.033137563837263E-002
   2890.00000000000       1.041280548444998E-002
   2900.00000000000       1.049437334491377E-002
   2910.00000000000       1.057607825767028E-002
   2920.00000000000       1.065792772532111E-002
   2930.00000000000       1.073991321020869E-002
   2940.00000000000       1.082203266701798E-002
   2950.00000000000       1.090429441319977E-002
   2960.00000000000       1.098668516185427E-002
   2970.00000000000       1.106921076768578E-002
   2980.00000000000       1.115187179378299E-002
   2990.00000000000       1.123466199735061E-002
   3000.00000000000       1.131757805949119E-002
   3010.00000000000       1.140061909815363E-002
   3020.00000000000       1.148379759976650E-002
   3030.00000000000       1.156709759139573E-002
   3040.00000000000       1.165052328728733E-002
   3050.00000000000       1.173406762238565E-002
   3060.00000000000       1.181774178886226E-002
   3070.00000000000       1.190153215119918E-002
   3080.00000000000       1.198544349060417E-002
   3090.00000000000       1.206947155955303E-002
   3100.00000000000       1.215362079579180E-002
   3110.00000000000       1.223788604596990E-002
   3120.00000000000       1.232226570344318E-002
   3130.00000000000       1.240676295523236E-002
   3140.00000000000       1.249136629465147E-002
   3150.00000000000       1.257609027159440E-002
   3160.00000000000       1.266092261928456E-002
   3170.00000000000       1.274587184402332E-002
   3180.00000000000       1.283092392165652E-002
   3190.00000000000       1.291608379434794E-002
   3200.00000000000       1.300134737432852E-002
   3210.00000000000       1.308672744044113E-002
   3220.00000000000       1.317220910100605E-002
   3230.00000000000       1.325779630929286E-002
   3240.00000000000       1.334348440421747E-002
   3250.00000000000       1.342927414758155E-002
   3260.00000000000       1.351517149412153E-002
   3270.00000000000       1.360115917183303E-002
   3280.00000000000       1.368724918009335E-002
   3290.00000000000       1.377344366707993E-002
   3300.00000000000       1.385973868803354E-002
   3310.00000000000       1.394612284728680E-002
   3320.00000000000       1.403261146232778E-002
   3330.00000000000       1.411919260422533E-002
   3340.00000000000       1.420586243627949E-002
   3350.00000000000       1.429263015264841E-002
   3360.00000000000       1.437949047049290E-002
   3370.00000000000       1.446643647541069E-002
   3380.00000000000       1.455349226053433E-002
   3390.00000000000       1.464061899793628E-002
   3400.00000000000       1.472783225793933E-002
   3410.00000000000       1.481515207009012E-002
   3420.00000000000       1.490255514673209E-002
   3430.00000000000       1.499003545075885E-002
   3440.00000000000       1.507760831948867E-002
   3450.00000000000       1.516527266307967E-002
   3460.00000000000       1.525301410169986E-002
   3470.00000000000       1.534084262225652E-002
   3480.00000000000       1.542874711743537E-002
   3490.00000000000       1.551673334960094E-002
   3500.00000000000       1.560480667547542E-002
   3510.00000000000       1.569296098267898E-002
   3520.00000000000       1.578119371984103E-002
   3530.00000000000       1.586948832223503E-002
   3540.00000000000       1.595789234784126E-002
   3550.00000000000       1.604636337929810E-002
   3560.00000000000       1.613491411523349E-002
   3570.00000000000       1.622352239877329E-002
   3580.00000000000       1.631222615025251E-002
   3590.00000000000       1.640098925537722E-002
   3600.00000000000       1.648983577044374E-002
   3610.00000000000       1.657877100298445E-002
   3620.00000000000       1.666775046386396E-002
   3630.00000000000       1.675681912484460E-002
   3640.00000000000       1.684596335138705E-002
   3650.00000000000       1.693516053761016E-002
   3660.00000000000       1.702444752145604E-002
   3670.00000000000       1.711378820499095E-002
   3680.00000000000       1.720321228711611E-002
   3690.00000000000       1.729270345212918E-002
   3700.00000000000       1.738225347617732E-002
   3710.00000000000       1.747187479410462E-002
   3720.00000000000       1.756154354945713E-002
   3730.00000000000       1.765130698045021E-002
   3740.00000000000       1.774112782697967E-002
   3750.00000000000       1.783099867749300E-002
   3760.00000000000       1.792095159733893E-002
   3770.00000000000       1.801095466753817E-002
   3780.00000000000       1.810101469343445E-002
   3790.00000000000       1.819116812564107E-002
   3800.00000000000       1.828136140788517E-002
   3810.00000000000       1.837161374312607E-002
   3820.00000000000       1.846194409919730E-002
   3830.00000000000       1.855232086864019E-002
   3840.00000000000       1.864274981617744E-002
   3850.00000000000       1.873325266433611E-002
   3860.00000000000       1.882380561747083E-002
   3870.00000000000       1.891443888999425E-002
   3880.00000000000       1.900508423113324E-002
   3890.00000000000       1.909581700594300E-002
   3900.00000000000       1.918660898706258E-002
   3910.00000000000       1.927744131851633E-002
   3920.00000000000       1.936834093577038E-002
   3930.00000000000       1.945928381614349E-002
   3940.00000000000       1.955030112172741E-002
   3950.00000000000       1.964134457576539E-002
   3960.00000000000       1.973247173755922E-002
   3970.00000000000       1.982362245051340E-002
   3980.00000000000       1.991483742154312E-002
   3990.00000000000       2.000611165936973E-002
   4000.00000000000       2.009743090717361E-002
